54
16
1 0 0 5 
15 0 5 17 
22 0 17 5 
4 0 5 1 
11 0 1 17 
18 0 17 17 
7 0 17 13 
6 0 13 1 
15 0 1 9 
12 0 9 1 
8 0 1 5 
8 0 5 5 
15 0 5 9 
7 0 9 9 
18 0 9 17 
9 0 17 0 
5 1 0 18 
19 11 18 6 
10 22 6 10 
22 4 10 11 
20 11 11 7 
22 18 7 16 
15 7 16 3 
18 6 3 6 
18 15 6 6 
14 12 6 2 
18 8 2 2 
2 8 3 11 
7 15 11 19 
6 7 19 12 
22 18 4 7 
13 9 12 0 
1 5 0 21 
18 19 21 6 
4 10 22 3 
11 22 3 19 
19 20 19 19 
20 22 19 15 
16 15 3 3 
18 18 3 22 
4 18 22 16 
10 14 16 22 
2 18 22 18 
14 2 18 14 
3 7 14 22 
2 6 22 20 
22 22 20 16 
13 13 16 0 
9 1 0 20 
6 18 20 2 
22 8 2 20 
16 11 20 8 
10 19 8 6 
12 6 6 18 
20 16 18 7 
11 18 7 11 
7 10 11 12 
15 10 12 10 
8 2 12 12 
21 14 12 11 
14 3 19 7 
3 2 7 16 
12 7 16 10 
1 13 10 0 
5 9 0 19 
11 6 19 15 
2 14 15 19 
19 2 19 15 
8 10 15 22 
15 12 22 14 
20 20 14 20 
7 11 20 22 
18 7 18 20 
16 15 20 21 
21 8 21 18 
8 21 11 12 
21 14 12 22 
11 3 22 16 
20 12 16 2 
1 1 2 0 
13 5 0 4 
22 19 4 18 
22 2 18 8 
4 19 8 21 
15 8 21 10 
3 15 3 14 
15 20 14 15 
15 7 15 12 
18 18 12 3 
14 16 3 21 
3 21 21 22 
16 10 22 20 
21 21 14 22 
16 11 22 10 
21 20 10 6 
13 1 6 0 
1 13 0 8 
22 22 8 21 
2 22 21 22 
11 12 22 11 
18 15 11 22 
7 3 22 3 
22 22 3 21 
11 15 11 16 
6 18 16 20 
11 14 20 22 
7 16 22 21 
16 16 21 20 
8 16 20 10 
10 16 10 12 
14 21 12 10 
9 13 10 0 
9 1 0 21 
6 22 21 2 
6 2 2 18 
11 11 10 12 
11 18 2 14 
16 7 14 22 
4 2 22 19 
12 11 19 14 
4 6 14 8 
8 11 8 14 
4 7 14 11 
10 16 11 6 
4 8 3 8 
12 10 8 22 
10 14 22 4 
5 9 4 0 
1 9 0 10 
16 6 10 14 
3 6 14 4 
19 11 4 8 
15 8 8 6 
21 16 6 11 
4 4 11 2 
14 12 10 15 
2 20 15 11 
7 12 11 12 
3 4 12 16 
19 10 16 21 
2 4 21 8 
16 12 8 20 
6 10 20 16 
5 5 16 0 
1 1 0 6 
16 16 6 7 
2 3 7 3 
6 3 3 11 
6 15 15 15 
12 21 15 4 
18 3 4 14 
19 14 14 8 
19 2 8 4 
22 12 4 3 
14 3 3 18 
7 19 18 11 
15 2 11 4 
19 16 4 7 
21 6 7 11 
13 5 11 0 
9 1 0 10 
3 16 10 20 
2 2 20 21 
21 6 21 18 
20 6 18 8 
14 12 8 21 
22 15 21 15 
3 19 15 20 
14 19 8 20 
7 22 20 4 
10 14 4 11 
19 7 11 3 
11 15 3 8 
7 19 8 21 
3 21 21 2 
13 13 2 0 
9 9 0 15 
12 3 15 18 
11 2 18 10 
19 21 10 3 
2 20 3 7 
14 14 7 21 
3 22 21 12 
3 3 12 20 
18 14 20 16 
19 7 16 14 
12 10 14 15 
2 19 15 8 
4 22 8 4 
19 7 4 4 
12 15 4 4 
17 13 22 0 
17 9 0 15 
19 12 15 4 
3 11 4 21 
7 19 21 14 
7 2 14 2 
6 14 4 20 
19 3 20 10 
16 3 10 4 
15 18 4 10 
2 19 18 15 
11 12 20 8 
11 2 8 12 
8 4 12 12 
4 19 12 16 
6 12 16 8 
5 17 8 0 
17 17 0 10 
20 19 10 14 
8 3 14 19 
2 18 19 12 
18 7 12 4 
7 6 4 21 
6 19 21 19 
10 16 19 10 
6 15 10 4 
18 2 4 18 
6 11 18 6 
21 11 6 7 
15 8 7 20 
21 19 20 15 
12 6 15 20 
17 5 19 0 
17 17 0 20 
15 20 20 10 
7 19 4 20 
16 7 20 6 
16 18 6 12 
2 7 12 3 
8 6 3 10 
3 10 10 2 
20 16 2 4 
7 18 4 7 
4 6 7 8 
14 21 8 16 
21 7 16 2 
19 21 12 14 
2 12 14 8 
9 17 8 0 
0 17 0 1 
0 15 1 5 
0 7 5 1 
0 16 1 13 
0 16 13 17 
0 2 17 17 
0 8 17 13 
0 3 13 5 
0 20 5 5 
0 7 5 13 
0 4 13 13 
0 14 13 9 
0 21 9 13 
0 19 13 9 
0 2 9 17 
0 9 17 0 