7
8
8 0 0 5 
10 0 5 6 
9 0 6 3 
11 0 3 3 
14 0 3 1 
10 0 1 2 
16 0 2 3 
7 0 3 0 
1 8 0 14 
14 14 14 9 
16 9 9 16 
16 11 16 9 
11 13 9 16 
14 10 16 10 
10 16 10 15 
4 7 16 0 
3 1 0 9 
10 14 9 12 
10 16 12 13 
13 16 13 14 
12 11 14 11 
11 14 11 14 
15 14 14 12 
3 4 12 0 
5 3 0 14 
15 10 14 10 
13 10 10 14 
16 13 14 12 
10 12 12 12 
10 11 12 13 
13 9 13 11 
1 3 11 0 
7 5 0 15 
13 15 15 15 
10 13 15 13 
16 9 13 9 
12 10 9 10 
11 10 10 11 
10 13 11 14 
4 1 13 0 
1 7 0 10 
16 13 10 13 
16 10 13 13 
16 16 13 10 
10 12 10 12 
13 11 12 15 
13 10 15 16 
5 4 16 0 
6 1 0 10 
11 16 10 13 
14 16 13 14 
13 16 14 10 
15 10 10 12 
13 13 12 10 
10 13 10 14 
6 5 14 0 
0 6 0 2 
0 11 2 2 
0 14 2 7 
0 13 7 7 
0 15 7 5 
0 13 5 1 
0 10 1 3 
0 6 3 0 