10
9
2 0 0 1 
8 0 1 1 
10 0 1 4 
13 0 4 4 
12 0 4 1 
10 0 1 2 
5 0 2 4 
11 0 4 1 
1 0 1 0 
3 2 0 5 
5 8 5 12 
5 10 8 8 
5 13 8 6 
6 12 6 8 
6 10 8 8 
13 6 8 7 
6 11 7 9 
2 1 9 0 
2 3 0 7 
11 5 7 12 
10 5 12 11 
11 5 11 10 
5 6 10 12 
9 6 12 10 
13 13 8 7 
10 6 7 13 
1 2 13 0 
2 2 0 12 
13 11 12 13 
11 10 13 6 
9 5 6 7 
9 5 10 9 
6 9 9 9 
8 13 9 12 
10 10 12 7 
4 1 7 0 
2 2 0 9 
7 13 9 9 
10 11 9 10 
13 9 10 9 
8 9 9 6 
7 8 6 5 
7 8 5 6 
10 10 6 8 
3 4 8 0 
3 2 0 7 
13 7 7 12 
12 10 12 6 
11 13 6 11 
5 8 11 7 
12 7 7 9 
11 7 9 13 
5 10 6 9 
3 3 9 0 
3 3 0 7 
12 13 7 10 
11 12 10 12 
13 11 12 8 
8 5 8 8 
5 12 8 12 
6 13 12 11 
5 5 11 13 
3 3 13 0 
4 3 0 12 
11 12 6 7 
7 11 7 11 
10 13 11 8 
5 8 8 6 
5 5 6 9 
6 6 9 7 
13 5 7 11 
2 3 11 0 
0 4 0 1 
0 11 1 3 
0 8 3 3 
0 10 3 1 
0 5 1 4 
0 5 4 4 
0 6 4 4 
0 13 4 2 
0 2 2 0 