14
10
3 0 0 1 
11 0 1 4 
12 0 4 4 
8 0 4 2 
6 0 2 2 
10 0 2 4 
5 0 4 2 
12 0 2 3 
13 0 3 1 
3 0 1 0 
1 3 0 8 
10 11 8 5 
9 12 5 7 
8 8 7 8 
12 6 8 9 
12 10 9 6 
13 5 6 13 
5 14 13 8 
8 13 8 6 
4 3 6 0 
2 1 0 13 
7 10 13 14 
12 9 14 8 
7 8 8 9 
8 12 9 14 
5 12 14 14 
14 13 14 5 
11 5 5 5 
8 8 5 10 
4 4 10 0 
4 2 0 11 
14 7 11 10 
13 12 10 11 
5 7 11 9 
6 8 9 13 
11 5 13 5 
11 5 5 11 
10 11 11 6 
14 8 6 5 
1 4 5 0 
4 4 0 11 
14 14 11 8 
7 13 8 10 
13 5 10 10 
13 6 9 14 
12 11 14 8 
10 12 8 12 
7 10 12 10 
9 14 10 11 
3 1 11 0 
3 4 0 11 
13 14 11 6 
8 7 9 5 
5 13 5 5 
7 13 5 10 
14 12 10 11 
7 10 11 10 
6 7 9 13 
13 9 13 12 
3 3 12 0 
3 3 0 8 
7 13 8 7 
9 8 7 9 
6 5 9 9 
11 7 9 12 
6 14 5 8 
12 7 7 6 
14 6 6 12 
5 13 12 12 
1 3 12 0 
2 3 0 7 
7 7 6 14 
10 9 14 11 
9 6 14 8 
7 11 9 14 
12 6 6 13 
6 12 13 13 
10 14 13 5 
12 5 12 7 
4 1 7 0 
1 2 0 14 
14 7 14 13 
11 10 13 6 
10 9 6 6 
7 7 6 10 
6 12 10 6 
9 5 6 7 
8 10 7 11 
9 12 11 9 
4 4 9 0 
0 1 0 1 
0 14 1 2 
0 11 2 2 
0 10 2 1 
0 7 1 3 
0 6 3 2 
0 9 2 3 
0 8 3 2 
0 9 2 1 
0 4 1 0 