42
9
3 2 0 5 
9 0 3 3 
7 0 3 2 
7 0 2 3 
11 0 3 2 
13 0 2 4 
6 0 4 4 
8 0 4 3 
1 0 2 0 
3 3 0 8 
11 7 8 5 
9 6 5 10 
13 7 10 6 
8 6 6 12 
13 13 7 8 
8 6 8 5 
11 8 13 10 
4 1 10 0 
3 3 0 7 
6 11 7 9 
8 9 9 6 
11 13 6 11 
8 8 8 5 
11 13 5 5 
6 13 11 10 
9 5 10 9 
2 1 9 0 
3 3 0 13 
12 11 13 6 
8 8 6 10 
13 12 10 7 
5 8 5 12 
12 11 12 10 
8 6 10 10 
12 6 10 12 
2 2 12 0 
1 3 0 10 
7 12 10 10 
11 10 10 9 
9 13 9 10 
6 5 8 7 
10 12 6 5 
8 8 5 10 
8 12 12 5 
2 2 9 0 
4 1 0 12 
6 7 12 11 
12 7 11 5 
7 11 5 13 
9 6 5 5 
11 10 5 11 
12 8 11 13 
12 9 8 13 
1 2 13 0 
1 1 0 8 
5 6 8 7 
6 6 7 9 
9 7 12 7 
9 9 7 13 
7 11 13 9 
10 12 9 6 
13 12 13 11 
2 1 10 0 
4 1 0 5 
13 5 6 8 
13 6 8 7 
5 9 7 6 
9 9 6 9 
11 7 7 11 
5 10 11 12 
7 13 12 7 
4 1 7 0 
0 4 0 1 
0 11 1 4 
0 13 4 4 
0 5 4 4 
0 5 4 2 
0 2 2 0 
0 1 0 1 
0 11 1 3 
3 4 12 0 