48
10
1 2 0 14 
9 9 6 5 
13 6 13 5 
1 4 5 0 
4 0 0 1 
9 0 1 2 
6 0 2 3 
8 0 3 3 
12 0 3 1 
3 0 1 0 
3 1 0 13 
14 9 13 6 
14 13 6 11 
3 1 11 0 
3 4 0 6 
6 13 6 12 
9 14 12 8 
8 8 8 7 
5 12 7 12 
4 2 10 0 
1 3 0 8 
6 14 5 8 
12 6 8 9 
6 7 9 13 
7 10 13 14 
5 6 14 8 
7 9 8 9 
14 8 9 12 
5 7 12 9 
2 4 8 0 
2 1 0 14 
12 6 14 6 
7 12 6 7 
14 6 7 7 
13 7 7 8 
7 8 8 9 
14 11 9 10 
9 14 10 11 
5 5 11 5 
3 2 12 0 
4 2 0 11 
6 13 11 10 
10 7 10 12 
14 14 12 5 
5 13 10 10 
13 7 10 5 
12 12 5 13 
6 6 9 10 
12 8 10 12 
3 3 12 0 
4 4 0 12 
10 6 7 7 
8 10 7 11 
7 10 11 10 
14 5 8 13 
12 13 13 9 
14 12 10 11 
8 6 13 8 
11 12 8 14 
4 3 11 0 
4 4 0 9 
6 10 6 12 
7 11 12 9 
8 7 9 5 
13 14 5 14 
9 12 11 9 
8 14 9 6 
5 8 10 11 
5 11 11 5 
2 4 5 0 
4 4 0 10 
9 6 10 12 
11 7 14 9 
6 8 9 13 
8 10 13 7 
5 9 7 6 
11 8 14 14 
13 5 14 10 
7 14 10 11 
2 2 11 0 
1 4 0 7 
11 9 7 5 
5 11 5 13 
7 14 13 14 
8 8 10 5 
13 5 5 5 
10 11 11 6 
13 13 6 12 
10 11 12 13 
1 2 13 0 
0 1 0 3 
0 11 4 4 
0 11 4 1 
0 7 1 3 
0 8 3 2 
0 9 2 3 
0 7 3 2 
0 6 2 2 
0 10 2 1 
0 1 1 0 