35
8
6 0 0 3 
14 0 3 1 
14 0 5 6 
10 0 6 1 
13 0 1 4 
16 0 7 4 
14 0 1 8 
5 0 8 0 
7 7 0 13 
10 14 13 16 
10 14 10 13 
13 10 13 15 
9 13 16 9 
11 16 9 16 
13 14 16 14 
2 7 14 0 
5 7 0 15 
13 10 15 16 
13 10 16 16 
13 13 16 10 
12 9 10 14 
14 11 14 11 
15 13 15 15 
5 7 15 0 
1 5 0 13 
14 13 13 16 
10 13 16 11 
10 13 11 14 
15 14 14 12 
11 14 12 11 
2 2 11 0 
4 5 0 16 
5 6 0 10 
15 10 10 12 
12 10 12 10 
14 10 10 13 
10 15 10 14 
13 11 9 13 
10 13 13 16 
3 2 16 0 
11 10 13 12 
13 11 12 15 
10 12 10 9 
14 14 9 14 
16 13 14 12 
13 13 12 10 
11 10 10 11 
3 3 11 0 
6 3 0 9 
11 13 9 16 
10 15 16 10 
10 14 10 16 
9 16 16 9 
12 13 16 10 
12 12 10 12 
3 5 14 0 
0 6 0 2 
0 10 2 1 
0 10 7 1 
0 10 1 3 
11 0 3 1 
0 9 1 3 
0 12 3 4 
0 3 7 0 