147
16
1 0 0 5 
4 0 5 1 
2 0 1 1 
6 0 1 1 
8 0 1 13 
22 0 13 17 
6 0 13 1 
15 0 1 9 
21 0 9 1 
21 0 1 5 
20 0 5 5 
16 0 5 5 
15 0 5 17 
18 0 17 17 
9 0 17 0 
17 0 1 0 
9 1 0 10 
6 4 8 7 
16 2 7 21 
22 14 21 21 
21 8 21 18 
16 22 4 18 
2 6 14 12 
10 15 12 14 
20 7 15 8 
6 20 8 18 
7 19 18 11 
10 16 11 6 
19 15 6 11 
16 21 11 6 
15 8 19 2 
17 17 2 0 
5 9 0 19 
19 6 19 21 
3 16 15 7 
6 22 21 2 
22 21 2 22 
7 16 22 21 
2 2 21 20 
6 10 20 16 
10 20 16 3 
3 6 11 3 
19 7 3 14 
4 11 14 10 
12 14 21 8 
7 19 8 21 
12 10 21 14 
5 17 22 0 
9 9 0 15 
11 19 15 7 
2 3 7 3 
18 6 3 6 
21 22 21 3 
3 7 3 22 
4 2 22 19 
8 6 19 10 
22 10 10 6 
10 3 21 19 
20 6 7 16 
2 4 16 20 
11 12 20 8 
12 2 8 14 
11 12 14 19 
13 9 19 0 
13 9 0 10 
19 11 18 6 
21 18 6 21 
2 18 2 6 
20 21 6 10 
2 11 10 18 
4 12 18 7 
3 8 8 4 
21 8 4 19 
14 10 16 6 
2 20 6 18 
6 12 18 16 
3 11 16 22 
10 12 22 8 
15 11 20 2 
13 13 2 0 
13 13 0 16 
15 19 20 22 
8 21 22 22 
14 10 22 16 
21 20 16 15 
3 8 19 14 
11 4 2 15 
12 3 15 18 
6 21 18 19 
10 14 19 20 
4 2 8 21 
3 6 14 4 
3 22 4 10 
12 10 10 16 
12 6 8 16 
1 13 16 0 
13 1 0 10 
19 15 2 14 
12 8 11 2 
18 14 2 14 
3 21 21 2 
7 3 2 20 
7 11 20 11 
7 12 10 16 
7 6 16 16 
19 4 16 12 
15 4 12 19 
19 3 20 15 
3 3 15 16 
20 12 16 2 
12 12 2 8 
17 1 11 0 
13 13 0 4 
22 19 4 18 
3 12 18 18 
2 18 22 18 
22 3 18 18 
19 7 20 4 
6 6 18 15 
15 22 15 21 
16 16 21 20 
21 19 20 15 
15 15 15 6 
7 19 21 14 
21 3 14 16 
19 10 16 21 
11 12 21 8 
5 17 8 0 
17 13 0 16 
22 22 21 3 
14 3 3 18 
2 2 18 8 
11 22 3 19 
19 19 19 20 
14 6 20 4 
12 15 4 4 
3 16 4 10 
12 10 10 15 
20 15 15 14 
16 7 14 22 
16 20 22 22 
4 22 8 4 
3 11 4 21 
17 5 19 0 
13 17 0 8 
6 4 8 14 
19 14 14 8 
22 7 4 20 
16 11 20 8 
14 19 8 20 
18 14 20 16 
6 12 20 15 
12 15 15 7 
10 12 15 14 
7 11 6 21 
8 16 21 14 
20 16 18 7 
21 4 7 6 
4 22 11 10 
17 17 10 0 
17 13 0 7 
11 21 7 6 
12 19 6 7 
18 22 7 4 
7 16 18 22 
20 2 22 8 
15 18 2 19 
7 4 19 16 
21 12 22 3 
2 10 3 10 
11 11 10 12 
15 8 21 10 
22 20 10 16 
14 21 22 12 
8 4 12 12 
9 17 2 0 
9 17 0 18 
6 11 18 6 
12 6 6 18 
20 18 18 7 
11 18 7 11 
22 20 11 14 
12 15 14 22 
4 7 18 7 
11 3 7 19 
19 2 19 15 
8 11 8 14 
22 4 14 10 
10 22 16 11 
11 15 11 16 
20 8 16 12 
1 9 12 0 
1 9 0 10 
19 7 4 4 
2 19 4 8 
3 4 12 16 
19 10 16 10 
14 22 7 3 
20 12 3 3 
15 4 21 12 
22 11 12 11 
14 21 11 12 
11 12 12 7 
11 22 15 18 
4 10 18 15 
3 14 15 3 
4 14 3 18 
13 9 12 0 
9 13 0 14 
7 19 14 16 
7 2 14 2 
11 3 2 8 
3 19 10 20 
20 14 20 20 
16 20 18 6 
8 15 6 8 
2 22 8 18 
2 18 18 4 
2 11 4 4 
19 11 4 8 
10 7 12 11 
8 3 11 15 
10 4 15 6 
9 13 21 0 
5 9 0 15 
4 7 14 11 
21 7 14 14 
18 11 14 2 
4 3 12 22 
11 7 22 20 
7 16 2 3 
7 2 3 12 
18 2 12 19 
14 12 19 21 
8 16 20 10 
20 15 10 20 
8 10 15 22 
20 22 2 6 
3 10 6 8 
9 9 7 0 
0 3 13 5 
0 4 5 13 
0 6 13 1 
0 18 1 5 
0 7 5 13 
0 11 13 5 
0 8 5 5 
0 7 5 1 
0 15 1 5 
0 4 5 9 
0 8 9 17 
0 20 17 17 
0 8 5 1 
0 20 1 9 
0 15 9 17 
0 9 17 0 