14
8
6 0 0 3 
11 0 3 1 
9 0 3 1 
13 0 1 5 
15 0 5 7 
14 0 7 2 
16 0 2 3 
7 0 3 0 
4 3 0 12 
10 11 12 13 
15 12 13 11 
14 11 11 14 
10 15 12 10 
10 14 10 13 
10 16 13 13 
7 7 13 0 
1 4 0 13 
13 10 13 15 
13 15 15 15 
12 14 15 14 
13 10 14 11 
14 10 10 15 
13 10 15 16 
4 7 16 0 
3 1 0 14 
16 13 14 13 
16 13 14 12 
10 12 12 10 
12 9 10 14 
14 14 14 9 
11 13 9 16 
5 4 16 0 
5 3 0 14 
10 16 14 10 
13 16 14 10 
9 10 10 12 
10 12 12 12 
11 14 12 11 
10 11 11 10 
6 5 10 0 
7 5 0 15 
16 10 15 10 
13 13 10 12 
16 9 9 16 
13 10 16 16 
16 11 16 9 
13 10 14 10 
1 6 10 0 
1 7 0 10 
11 16 10 13 
10 13 13 16 
10 16 12 13 
11 13 13 9 
9 16 9 13 
14 16 13 14 
8 1 14 0 
0 6 0 2 
0 11 2 2 
0 10 2 1 
0 10 1 3 
0 11 3 3 
0 9 3 6 
0 14 6 5 
0 8 5 0 