67
16
1 0 0 17 
2 0 17 9 
10 0 9 1 
2 0 1 1 
10 0 1 9 
18 0 9 17 
2 0 17 17 
10 0 17 17 
7 0 17 13 
4 0 13 13 
16 0 13 13 
10 0 13 1 
6 0 1 1 
6 0 1 13 
10 0 13 9 
17 0 9 0 
9 1 0 20 
4 2 22 19 
3 10 19 21 
2 2 21 20 
6 10 20 16 
6 18 16 20 
6 2 20 22 
16 10 22 20 
8 18 20 6 
14 4 6 3 
15 16 3 3 
20 10 3 16 
11 6 16 10 
16 6 10 14 
12 10 14 15 
9 17 15 0 
13 9 0 21 
2 4 21 8 
10 3 8 6 
7 2 3 12 
18 6 12 6 
3 6 6 18 
2 6 18 2 
12 16 20 8 
14 8 8 11 
20 2 11 15 
2 14 15 19 
10 20 19 3 
3 11 3 6 
19 18 6 21 
11 12 21 14 
13 9 14 0 
13 13 0 2 
7 21 2 16 
20 10 16 8 
3 7 20 2 
4 4 2 11 
19 3 11 22 
20 2 22 8 
12 12 8 2 
8 14 2 12 
8 4 12 12 
16 2 12 20 
20 10 20 15 
15 15 15 6 
11 19 6 18 
6 11 18 6 
1 13 6 0 
5 13 0 11 
19 7 11 18 
19 20 19 19 
21 3 2 21 
19 4 21 8 
11 19 8 4 
16 20 7 18 
4 7 18 22 
21 8 22 22 
4 10 22 3 
22 16 3 11 
10 18 11 2 
8 12 2 11 
18 11 11 7 
21 6 7 11 
17 1 11 0 
5 5 0 8 
14 19 8 14 
21 19 14 12 
8 21 12 14 
7 19 14 16 
20 21 6 10 
10 16 10 12 
3 4 22 12 
6 21 18 21 
14 14 21 7 
3 22 7 3 
7 10 11 12 
22 8 12 10 
12 10 10 15 
19 21 15 20 
17 17 20 0 
5 5 0 20 
18 14 20 16 
3 21 16 14 
20 8 14 19 
4 18 19 22 
16 20 22 22 
6 10 22 10 
16 3 10 4 
7 19 4 20 
20 14 20 20 
22 22 3 21 
6 7 21 4 
16 22 4 18 
3 12 18 15 
2 19 15 8 
9 17 8 0 
17 5 0 22 
8 18 22 2 
11 3 2 8 
7 20 8 15 
10 4 15 6 
7 16 6 20 
16 16 20 21 
8 16 21 14 
3 7 14 22 
11 20 7 11 
20 22 11 7 
4 6 7 8 
11 16 8 20 
3 3 20 12 
18 2 12 19 
13 9 19 0 
13 17 0 22 
4 8 19 2 
11 6 21 16 
15 7 16 3 
2 10 3 10 
16 7 21 22 
7 16 22 14 
3 18 14 4 
8 3 4 8 
12 11 8 20 
19 20 14 10 
4 4 12 15 
10 4 15 18 
12 3 18 18 
20 18 18 7 
5 13 7 0 
17 13 0 16 
2 4 16 20 
22 11 18 15 
12 15 15 7 
19 11 7 15 
11 16 15 11 
22 7 4 20 
19 3 20 15 
19 12 15 4 
16 12 4 19 
21 19 19 6 
20 4 6 14 
21 11 6 7 
19 12 7 6 
2 20 6 18 
1 5 18 0 
5 17 0 15 
19 2 15 18 
3 22 18 18 
4 12 18 7 
16 19 7 4 
3 11 4 21 
2 22 21 22 
21 3 22 21 
6 6 18 15 
21 15 15 22 
21 21 22 14 
15 20 14 15 
22 12 21 14 
7 19 14 3 
3 2 3 7 
5 1 7 0 
1 5 0 21 
10 19 21 16 
2 3 16 7 
7 4 7 18 
16 16 6 7 
11 3 7 19 
11 6 19 15 
20 21 15 16 
12 6 16 18 
8 21 18 21 
8 21 11 12 
4 15 12 21 
6 22 21 2 
2 7 2 14 
18 3 14 3 
13 5 3 0 
13 1 0 16 
19 10 16 10 
22 16 10 14 
19 7 14 21 
10 16 12 7 
12 11 7 12 
22 11 12 11 
22 20 11 14 
10 12 14 21 
15 8 21 10 
6 8 10 19 
11 4 10 14 
4 6 14 8 
2 2 8 18 
2 18 18 4 
5 13 4 0 
1 13 0 8 
7 19 8 21 
3 22 21 12 
14 19 12 11 
22 10 11 16 
6 12 16 8 
4 22 8 4 
19 7 4 4 
12 16 4 3 
3 15 3 14 
2 6 14 12 
11 11 12 10 
22 4 10 11 
14 2 11 18 
14 2 18 14 
5 5 16 0 
9 1 0 21 
4 7 14 11 
8 3 11 15 
12 14 15 10 
15 22 10 8 
8 6 8 15 
12 6 15 20 
15 19 20 22 
15 12 22 14 
8 3 14 19 
19 2 19 15 
4 11 15 2 
18 22 2 18 
7 16 18 22 
10 14 22 4 
1 5 4 0 
0 9 0 17 
0 18 17 17 
0 8 17 13 
0 12 13 9 
0 15 9 5 
0 8 5 1 
0 12 1 9 
0 15 9 1 
0 15 1 5 
0 8 5 17 
0 19 17 5 
0 4 5 9 
0 15 9 9 
0 7 9 9 
0 19 9 5 
0 1 5 0 