22
1044 105 485 93 1681 699 742 1450 1791 697 1798 1889 847 315 690 692 713 1565 1876 704 107 108 111 705 707 106 1043 6 94 719 1039 1727 1055 801 1047 1052 1058 407 1056 89 708 1046 109 654 1053 459 940 1054 1057 1803 1778 1582 1769 1779 458 1118 1153 97 1800 1864
930 1382 1464 652 2027 746 717 2032 1386 1465 582 923 1392 931 1415 751 27 99 447 507 834 1979 452 451 852 1975 2035 453 495 754 755 756 1937 736 448 552 723 1420 1580 1965 831 1419 1974 2036 168 167 170 538 553 1418 1902 1901 1992 1972 1845 1927 1977 1978 169 744 1184 595 718 450 763 838 833 743 799 1983 1888 1383 1976 449 446 1381
1159 551 563 1359 1598 414 1187 59 60 1169 1209 1180 1173 2008 355 1423 498 1011 1705 2033 537 536 1756 1839 1991 231 752 1175 683 570 1206 1767 1615 549 800 602 365 46 960 1316 1447 1872 366 573 640 43 44 653 2030 1176 1426 45 919 514 50 51 1723 983 936 30 49 55 525 1223 42 7 3 1004 1471 665 1427 47 533 31 2025 48 1289 368 53 1224 373
1192 200 509 2026 491 785 493 649 882 999 1257 178 782 897 914 1124 1716 1781 177 977 1759 1877 2017 827 565 1234 673 1016 1233 1477 1729 1882 1885 1984 252 1816 467 597 598 1177 81 1930 1211 1660 1862 133 1534 1533 253 138 136 343 409 134 560 345 535 812 135 572 412 788 532 1145 624 628 663 1147 1081 585 342 561 1908 1290 849 299 1905 1287 2012 770 639 341 464 600 706 465 466 1763 201 132 1214 1694 1757 1788 590 596 591 1717 79 1098 555 556 298 789 607 625 1229 140 139 829 92 1689 77 646 1380 314 137 1110 1232 1693
462 1754 461 1051 1305 1304 691 686 696 1535 1775 1256 411 501 1335 69 70 835 1597 165 189 280 1505 669 1391 1156 650 780 2011 1017 1254 1133 856 281 709 853 879 881 1134 1578 1973 1997 703 1745 1826 282 1600 1511 413 1512 228 84 1137 1312 1847 1217 1585 262 264 410 781 1583 474 487 1135
1324 1072 1869 1429 661 1325 1128 1301 1307 1602 1085 1601 1586 1146 1150 608 263 1402 750 1764 980 1212 257 675 778 1715 1099 1149 1313 226 227 307 1456 1866 1417 1936 656 787 918 1739 1818 2019 224 674 747 771 786 223 1101 1401 1670 635 1699 1410 1672 1740 1656 1671 1611 1452 577 1434 460 695 1814 534 66 644 956 1390 840 260 762 772 1627 1875 1921 256 1807 839 1458 24 1799 408 1094 1238 1045 1457 1837 1048 405 566 1568 685 1041 1569 684 1460 1462 1064 1461 1068 22 21 20 23 1964 1806 1433 749 1453 406 1657 677 1114 1369 1655 2018 225 362
1517 353 401 415 1000 1832 1831 398 698 1334 1830 1373 4 251 791 792 1549 1917 1906 967 1609 1012 1125 793 1442 1087 2023 966 1154 1031 403 1028 1029 681 128 550 714 1030 13 868 313 1833 1853 399 400 100 1210 1848 1849 402 1640 62 1368 1529 129 1360 127 626 1355 921 922 1555 1722 74 587 1155 1500 385 1639 1468 1557 25 1008 336 10 506 1416 1770 1698 1519 738 1144 1809 323 324 386 912 328 384 1494 1792 1990 1242 664 1744 1957 1251 1502 383 530 1001 378 331 1408 1966 876 131 1838 887 1612 945 1009 1032 1827 1696 1546 1589 1576 962 454 911 130 1326 1520 1577 471 1443 1953
1632 1329 1201 721 1365 1404 1743 1970 2015 2016 894 512 1683 11 1958 1013 1922 1733 521 1646 1682 120 1548 1532 161 592 1188 1303 1819 638 180 179 511 997 1086 1328 1482 1531 1776 2013 2022 195 606 546 26 103 545 824 1131 1213 1407 895 970 174 969 971 18 1623 98 186 1346 1836 2020 2021 187 2034 1863 101 1857 1951 1191 1571 17 825 972 1570 1619 1931 711 156 720 1909 173 176 1777 1802 634 1138 1302 1336 1480 1890 880 2001 85 150 175 198 1563 1952 1230 67 1171 1253 1985 728 1231 185 1129 1222 1228 942 729 184 230 712 1732 1940 1198 162 181 1472 1924 1100 1476 1544 1545 1613 826 1475 505 1266 183 689 1542 182 515 1361 492 1700 1859 522 1547
1742 757 1878 1967 359 1389 1945 1090 1944 14 845 651 1761 1854 1916 1425 369 1873 672 1424 1728 367 317 468 381 332 1179 380 567 327 379 1127 1142 1741 1554 1553 682 1126 1274 973 1322 144 1186 500 1323 1006 382 1042 1734 1971 1481 1828 1960 1961 330 377 790 1244 376 1243 1501 1774 1801 1868 1496 1310 1483 360 1258
442 437 1581 1808 438 441 1536 1260 1060 1061 338 1574 1865 439 740 937 68 440 436 828 1860 443 444 1690 1685 1020 1484 110 593 657 668 558 726 557 725 1684 1861 1926 1470 688 662 700 1954 1466 528 1265 952 1691 1880 1881 510 554 1810 1969 455 1647 1019 1259 1467 1886 1942 1982 734 1522
618 613 1498 86 1478 1720 1721 527 678 941 616 513 609 1479 1250 143 1264 39 432 1354 1625 615 1540 1718 19 1395 1719 1794 687 147 1143 676 1040 1321 1934 112 1561 576 629 1083 1676 548 1731 425 1370 427 1280 1941 122 1939 1356 428 1050 1049 1062 741 80 731 794 429 737 1282 431 433 116 430 1887 1281 115 1074 1497 1666 119 434 899 1521 1485 1637 540 421 422 1539 1874 1713 1538 88 486 898 1907 419 1397 539 1398 1399 851 426 2002 117 1122 1537 1724 475 480 483 423 424 990 1315 469 2000 954 118 935 1070 481 739 1559
784 748 1311 832 90 647 1702 1911 1918 1989 1508 961 732 735 1929 1353 1894 932 1388 581 504 457 1607 1269 302 303 305 306 1946 2024 1463 1648 304 445 300 753 1737 2009 301 456 435 1986
813 1584 1654 1268 1267 802 1111 1271 1272 1105 1273 1562 1107 28 2007 926 1706 1835 1899 809 1279 1630 1629 1240 1955 1928 1695 1277 1903 1278
1113 976 1920 1784 1286 1614 416 417 1796 482 1644 1738 319 1486 1352 636 927 1736 594 1092 988 995 1168 1294 5 848 1165 204 1164 1193 1867 1999 975 680 1002 1157 197 679 1949 875 1200 974 1163 859 603 605 797 1749 294 604 562 210 157 159 883 766 858 929 1752 869 796 795 1510 259 1202 872 1181 58 874 568 820 854 904 569 979 1005 526 1246 982 991 1069 520 915 1034 1140 1348 857 211 149 1063 2010 164 580 745 1096 1 212 779 855 503 246 289 564 965 1021 964 862 730 290 291 519 987 989 1405 248 288 804 244 783 1659 1023 518 1027 1022 1084 1158 659 767 1077 247 660
1430 578 1038 1345 768 1552 277 1296 278 272 1249 270 1551 1550 890 1295 648 275 1558 892 1297 612 1795 769 889 1516 297 891 1136 1518 1525 271 893 1469 1076 1059 273 274 1617 1658 896 269 1667 166 1115 364 61 363 488 1095 1338 1014 1748 78 193 310 340 72 861 339 933 311 928 1015 1950 1112 489 2029 610 671 1167 1633 1726 268 266 267 810 1746 733 71 1314 1421 1663 1528 589 351 352 588 1490 544 261 265 296 670 1499 1121 154 209 542 1262 1678 158 207 206 1488 1514 2005 1515 1396 1489 208 1139 1674 541 630 925
1387 1680 216 996 1590 1320 1893 215 1327 1245 994 214 1300 1339 239 240 245 1299 1493 877 1116 1119 241 1037 1308 1995 237 1375 1606 1650 1692 1376 235 236 1275 1896 1996 234 1151 1309 777 1117 1768 944 1409 1641 238 1596 1523 1649 1998 221 1284 1751 1712 1701 1604 1843 1844 1605 900 218 219 1341 1592 1642 1643 213 1018 1591 1340 1588 1708 220 1636 1707 217 1587 1394 1675 715 1451 1573 255 1141 473 1665 190 192 1664 1668 1943 472 951 233 774 775 950 1513 1897 1318 1337 232 836 1003 1492 776 916 1904 1994 724 222 1923 1851 1915 254 1914 188 1755 172 1413 242 1358 163 476 1572 477 151 155 243 1653
1651 312 2003 361 1080 543 1283 1988 1172 1593 1766 321 334 529 1371 1372 357 1661 1530 1120 1697 1362 1662 1444 38 83 508 622 320 1091 358 1762 627 722 34 35 404 33 36 1412 126 145 388 1414 1773 1218 1344 1772 1879 29 727 57 2037 531 1626 37 943 121 1645 1208 329 1123 1815 1595 1330 1333 1594 1226 1065 1082 1227 846 1332 1236 73 1235 1237 370 1331 9 56 371 1075 1790
1714 1130 1366 1730 1474 1148 1448 1564 765 1221 702 16 694 1132 354 998 196 947 1220 333 658 54 1073 1317 1367 1491 325 523 346 516 1440 250 347 348 349 1364 559 957 903 1319 350 1673 1197 502 574 575 643 1189 96 95 1285 1363 1449 2014 229 249 633 1379 1688 1378 1377 571 1393 1541 1687 91 716 910 344 1261
1981 1215 1829 1980 1711 830 955 335 1579 1628 1437 82 104 1079 41 1194 1109 40 864 1225 1993 372 1066 632 490 888 1078 1203 1760 599 617 1263 374 375 1747 993 1219 1812 1543 586 1103 1786 1898 701 1616 1239 1459 1567 1503 601 1241 1725 65 463 1248 64 2038 484 1374 497 1306 125 1411 1735 1910 1620 1436 1566 1938 1435 499 844 917 356 1919 986 1758 1968 693 8 1205 984 1963 1495 1789 2031 1811 1825 963 1821 773 1089 1454 1912 1823 1097 1455 1822 1824 1834 15 1677 655 667 878 1846 666 52 322 517 1852 1913 1891 547 798 621 1216 63 623
1178 152 153 191 645 1182 1288 1603 124 1504 1487 710 316 642 1343 1527 614 160 171 1067 1170 1342 1962 1024 1473 1025 1207 1406 2 1204 1026 1190 2028 202 308 524 906 1247 309 819 1428 32 968 1785 1608 478 194 479 1560 1524 279 1618 102 1526 318 1925 1631 631 637 641 1385 1599 1679 978 1349 860 867 1765 203 1350 1686 1782 337 1161 1162 1166 1400 1088 1160 1291 620 1102 1195 1199 1895 1196 1384 863 199 387 1403 850 1892
1439 12 1432 1431 397 1933 75 76 396 1441 1858 1870 395 146 1347 113 1635 1840 1850 1174 205 418 920 1422 494 1298 1445 1007 1036 1446 1276 992 148 1787 1856 1959 389 1948 390 985 1935 913 141 902 1956 1884 1804 392 393 1270 1947 123 1750 87 1351 1855 394 1797 496 391 1842 1841 1871 142 1883 1152 1900 1987 901
1622 611 885 1652 114 1634 1820 758 1610 283 760 1357 284 981 1185 1709 1293 764 905 1035 1292 2004 286 293 907 949 420 948 1104 761 1106 1183 583 946 584 1255 619 1071 1624 1771 1010 865 1813 842 1793 821 1817 886 326 1753 1506 1575 808 803 807 814 815 817 818 1033 1252 1438 806 292 759 805 871 953 1932 1703 258 285 276 470 811 924 958 1638 1710 934 939 1108 579 908 938 1805 870 1621 1783 841 1509 884 287 816 837 873 823 2006 909 959 1556 866 1669 295 1780 843 822 1704 1093 1507
