15
134 10 138 140 562 33 131 528 529 530 531 527 582 146 585 578 144 569 573 577 579 580 35 575 576 143 142 563 574 141 561 560 137 139 564 570 571 572 145 132
290 72 283 291 106 71 107 416 73 282 284 287 286 289 353 288 105 354 355 104 356 309 74 293 308 307 315 305 311 316 306 295 75 76 303 304 19 297 68 294 296 6 302 276 275 278 285 281 279 280 298 264 263 271 265 262 301 65 66 299 300 261 1 272 269 270 70 258 69 257 260 268 67 259 266 267 310 292
396 395 397 412 102 401 399 402 409 117 403 377 97 98 99 90 361 394 376 100 89 101 358 359 360 26 7 391 398 400 379 23 25 393 392 626 8 390 627 629 157 388 624 30 623 389 625 618 615 617 628 633 634 631 619 156 613 620 621 375 622 630 468 470 411 103 357 414 362
114 463 405 460 461 462 464 465 466 404 456 115 457 472 490 458 453 451 452 454 455 448 443 450 449 447 445 459 442 111 112 406 407 408 444 433 110 431 435 438 441 27 436 440 439 437 446 419 108 277 418 420 429 4 421 430 28 274 422 423 109 417 413 427 426 432 434 425 424 428 273 410 415
534 135 533 544 557 136 536 120 535 522 532 519 515 517 133 523 524 525 526 128 129 520 539 122 543 538 125 503 504 521 537 126 508 127 130 507 509 510 511 512 513 514 516 518 493 505 498 499 501 506 500 495 486 494 496 497 492 489 484 482 483 487 488 540 124 485 502 541 123 491 542 113
595 593 594 596 688 161 171 170 678 679 686 687 162 172 680 163 665 677 681 685 598 159 684 682 632 39 635 636 683 638 226 637 639 651 2 652 896 897 899 645 225 646 649 650 642 160 641 643 644 898 381 96 378 380 382 95 386 40 385 387 640 383 384 675 674 668 666 164 670 672 894 891 895 892 669 659 667 655 653 654 656 42 882 648 13 647 664 657 222 660 661 662 663 676
610 31 479 480 477 476 481 121 474 9 116 475 473 467 469 471 478 118 611 612 608 155 607 609 154 547 153 566 565 568 558 584 32 147 552 567 583 586 591 554 551 34 559 556 119 555 546 604 590 602 606 601 553 545 548 152 151 29 605 588 549 550 589 587 150 149 600 603 158 599 614 616 597
777 196 775 48 774 47 772 773 195 770 771 768 193 767 769 765 764 759 49 760 778 194 192 755 761 762 763 757 188 191 756 758 766 782 50 776 784 744 186 187 743 745 742 45 11 52 739 798 741 185 199 200 740 779 780 781 783 785 795 796 197 198
802 46 738 748 167 183 725 732 12 173 731 736 747 737 735 184 734 733 712 697 711 728 729 730 713 693 691 692 169 694 148 38 581 592 690 689 37 695 699 698 696 706 177 705 709 704 178 703 176 708 701 702 707 710 715 175 727 182 726 720 719 754 189 190 753 714 174 716 717 181 179 180 749 751 752 750 722 723 724 721 718 168 673 700 746 36 44
828 790 792 207 209 827 830 822 208 789 829 788 787 816 815 817 819 883 658 219 51 220 823 204 818 812 814 820 813 807 203 799 806 808 205 201 803 165 800 671 797 805 43 166 811 825 206 791 826 809 810 824 14 41 786 793 794 801 804 877 202
853 213 852 857 874 216 861 860 858 859 871 870 873 837 836 821 834 15 832 215 56 872 838 217 218 869 850 54 55 212 847 848 849 854 845 833 210 835 844 831 846 841 840 843 839 856 842 855 1005 1002 1004 61 1006 851 862 1009 53 1007 1008 1010 62 1012 252 1011 1014 64 214 211 232
878 876 879 875 925 885 880 884 223 881 908 906 909 900 903 902 904 907 901 58 57 886 922 224 889 887 888 905 993 231 250 863 992 931 932 865 868 867 994 864 230 221 921 923 920 926 917 918 919 924 927 928 866 916 227 229 238 941 937 929 936 938 939 940 930 890 893 943
914 911 374 24 92 372 373 371 370 910 369 94 912 93 367 913 352 86 87 88 343 351 364 85 84 83 335 17 339 368 337 338 363 365 366 77 344 346 348 78 341 349 350 342 946 82 336 329 79 80 330 331 332 340 345 18 313 324 325 326 327 333 334 947 81 915 312 347 91
962 5 243 961 239 960 322 320 321 328 20 319 317 318 958 240 241 323 959 16 957 949 935 234 236 951 235 933 973 233 952 968 970 971 954 953 955 967 969 966 3 965 964 21 956 963 242 950 237 948 22 944 314 945 228 942
1015 251 253 1022 63 255 1013 1019 1021 1023 1024 254 987 248 988 989 990 991 1000 249 934 978 999 985 986 981 984 975 244 245 247 59 976 974 972 977 246 980 982 256 979 1016 998 1003 1001 1018 983 1017 1020 997 60 996 995
