39
275 271 272 274 276 373 273 362 245 360 293 292 363 326 325 270 269 347 342 381 332 341 301 295 298 324 309 266 4429 327 357 316 343 244 344 356 315 278 334 240 333 4431 4427 355 4434 4432 354 375 4426 359 310 268 262 267 351 350 370 383 261 288 352 242 287 277 353 348 349 282 265 335 260 257 251 249 313 281 314 250 280 283 296 303 306 302 305 369 258 311 382 361 366 297 364 243 365 367 285 284 336 279 299 374 294 379 372 376 247 248 246 378 358 331 345 263 346 312 300 259 330 255 256 329 328 380 308 304 4363 254 307 286 241 338 317
1362 1274 1951 1776 1361 1570 1565 1938 1937 1895 1896 1386 1385 1451 1275 1248 1219 1898 1656 1657 1689 1688 1674 2168 1703 2004 1627 1929 1587 1273 1278 2185 1436 1165 1467 1465 1466 1909 2190 1353 1102 2140 1358 1153 1212 1211 2077 2177 1537 2063 1101 2180 1707 1676 2008 1279 2121 1490 1277 1559 1336 1357 1152 1531 1534 1474 2179 2178 2184 1713 1558 1847 2009 1748 1905 2158 2104 2146 1888 2133 2132 2069 1650 1753 1655 1615 1884 1955 1749 1469 2174 1472 2189 1539 1372 1540 1363 1496 1110 1371 1920 1364 1701 1618 1621 1141 1487 1346 1345 2181 1173 2182 1320 1319 1333 1953 1459 1837 1417 1415 1921 1815 2013 1600 1585 1952 1856 1857 2001 1590 2150 1818 2151 1541 1311 1149 1147 1341 1532 1488 1174 1611 1135 2199 2186 1486 1485 1184 489 2139 1468 1317 1310 1210 1680 1404 1170 1172 1202 1176 1171 1118 1464 1280 1463 1437 1208 1148 2064 2126 2065 1190 1189 1235 1234 1449 1342 1340 2125 1462
1290 1288 1935 1802 1289 1945 1933 1838 1115 2050 1997 1400 1389 1401 1368 1853 1067 1864 1128 1127 1129 1402 1902 1901 1784 1438 1936 2117 1934 4430 4428 4444 4425 4423 4433 4442 4438 4441 4440 4439 4443 4437 4422 4436 4421 4435 371 368 252 320 290 253 377 323 291 289 340 339 337 319 318 4424 239 1950 1187 2051 2005 1626 2076 1525 1526 1633 1390 1223 1145 1479 1478 1255 1230 1850 1720 1778 2046 2045 1360 1867 1207 1990 1876 1682 2038 1664 1629 1810 1338 1337 1730 1631 1998 1272 1271 1635 1332 1064 1912 1640 1957 1121 2093 1161 2011 2006 2010 1974 1241 1109 1091 1497 1789 1651 1960 1166 2016 1854 1706 2070 1429 1430 1089 1087 1092 1177 1065 1505 1120 1066 1826 1119 2019 2018 1352 1086 1252 1221 1421 1625 1088 1224 812 811 823 1577 1125 2022 1594 1379 1877 1509 2142 1861 1343 1344 2110 2105 1098 1380 1286 1097 773 769 770 825 759 824 1228 813 1229 814 1232 1489 1093 1205 1365 1204 1203 1293 1222 1157 1261 1260 1502 1162 1251 1992 1972 1156 794 793 1775 1215 2208 803 2214 2211 2206 2212 2213 745 742 747 1403 1231 1355 1354 802 801 1259 1258 1993 1860
2552 2453 2922 2695 3022 3023 3030 2926 2925 2938 2939 2995 3141 2854 2551 2850 2851 2855 3131 3127 2852 2853 3157 3279 3140 2915 2676 3281 3277 3039 3276 2878 2872 2874 2873 3188 2634 3185 2877 2871 2555 2924 2792 2914 2921 2539 2545 2845 2500 3079 3124 3125 3058 2716 2812 2972 2979 3192 3193 2846 3052 2923 2996 2802 2844 2810 3097 2554 2909 3000 3130 3031 3060 3129 3285 3128 3142 3150 3093 3287 2793 3172 3286 3078 2658 2694 2776 2501 2777 3272 2927 2917 2919 2930 2581 2580 3114 2531 3182 2724 2722 2640 2470 3165 2929 3164 2928 3062 2726 2727 2532 2637 2935 2597 2585
4280 4277 4278 4279 4293 4292 4294 4295 4289 4166 4290 4153 4095 4105 4104 4226 571 523 118 117 119 181 178 180 71 68 109 207 208 4309 4210 4310 4311 4312 4313 4307 4103 4094 4286 4177 4176 4281 4140 4308 4306 4213 4152 4180 4178 4179 843 842 4120 4121 4208 4175 4165 4217 4164 4216 575 536 560 563 559 538 537 558 532 531 526 525 524 530 529 1482 565 1483 505 503 504 564 557 566 507 509 570 541 542 540 567 508 545 572 510 573 562 511 561 546 544 513 512 514 551 543 539 535 569 568 502 501 550 574 534 533 554 547 555 552 506 549 556 548 553 4214 4113
497 496 500 215 4462 85 133 4447 4461 24 4114 476 54 25 232 73 113 216 74 92 3783 3771 114 478 477 485 3770 484 490 483 486 495 487 498 493 494 481 480 499 479
2918 2530 2875 2876 3187 3186 3160 3066 3203 2440 2438 2439 2683 2684 2888 2886 2464 2463 3197 2992 2635 2632 3284 3189 3184 3041 2654 3109 2795 3020 2655 2608 3065 2734 3090 2755 3071 3085 2750 3168 2920 3070 3048 2932 3136 2869 3047 3082 2747 3167 3073 3074 3088 2753 3092 2690 3103 3033 2786 2506 2784 2785 3077 3049 3028 3050 3083 2748 3091 2485 2689 3102 3032 3084 2749 3086 2751 3075 3025 2661 3202 3072 3087 2752 3137 2870 3138 3046 3045 3089 2754 3076 3190 2450 3183 2889 2887 3099 3051 3100 2759 2688 3011 2737 2807 3239 2739 2735 3194 2738 3133 2971 2615 3169 2808 2523 3283 3282 3098 3181 3146 2693 3263 2813 2575 2907 2973 2864 2863 2862 2861 2860 2859 3214 3019 3174 2847 3035 3034 2937 3242 3205 2633 3067 2965 2602 2526 2459 2618 2457 2488 2598 2449 2546 2430 2593 2638 3155 2582 2576 2905 2906 2908
322 321 4416 4379 264 4411 4355 4405 4415 4412 4369 4343 4366 4376 4328 4339 4388 4386 4345 4385 4402 4409 4414 4331 4353 4370 4364 4371 4375 4393 4377 4342 4368 4367 4413 4354 4410 4361 4401 4341 4340 4398 4383 4400 4418 4349 4332 4329 4408 4387 4338 4378 4330 4358 4357 4348 4337 4346 4347 4362 4374 4382 4396 4397 4399 4403 4406 4407 4419 4420 4333 4336 4344 4350 4394 4395 4335 4417 4359 4360 4365 4372 4373 4381 4384 4389 4334 4352 4380 4392 4351 4356 4390 4391 4404
1143 1142 1875 1476 1475 1736 1182 1766 1359 2043 1450 1428 1206 2087 1410 1291 1471 2113 2165 1413 1322 1412 1506 1679 1195 1246 1845 1523 1416 2137 1718 2157 1453 1196 1522 1520 1589 1521 1868 1588
1305 1304 1307 1306 1295 1294 1264 1262 1433 1434 1328 1975 1431 1432 1460 1124 1112 1111 1444 1314 1080 1079 1542 1168 1508 1245 1366 1325 1501 1878 1268 1267 1138 1108 1139 1137 1140 1181 1107 1276 1151 1378 1284 1702 1283 2049 1593 1852 1813 1308 2061 2029 2060 2058 1554 1072 1889 1547 1660 1616 1697 1150 1827 1948 1781 1562 1556 1704 1842 1668 1636 1667 1180 1106 1956 1146 1719 1949 1622 1985 1492 474 413 1249 1914 1731 1154 1423 1422 1424 1377 1376 1406 1407 1820 1318 1126 428 1477 1132 1309 1244 1384 1383 1398 1382 1405 1394 1250 1254 1282 1374 1811
2681 2680 2986 2985 2991 2989 2983 2629 2804 3151 2799 2801 2998 3152 3212 3223 3254 2798 2952 3176 3178 2826 2866 2953 3036 2821 2766 2765 3113 3063 2729 3208 3266 2543 3069 2837 2832 2836 2831 2835 2830 2800 2665 2666 2947 2948 2951 2950 491 2769 2768 3173 2498 2732 2730 2428 2514 2499 2771 2770 2537 2536 2988 2630 2762 2496 2763 2764 2949 2491 2733 2731 3270 3210 3009 3006 2521 2534 2596 3057 3158 3180 2431 3222 2671 2825 2824 2823 2822 2668 2659 2760 2492 2660 2893 2565 2535 3232 2516 3037 2515 2865 2479 2811 3121 3250 3123 3029 3101 2767 2497 3177 2656 3179 2427 3059 2885 3147 3148 2564 2719 2469 2790 2621 2934 2601 2528 2902 2901 3018 2495 2827 2562 2743 2742 2740 2959 2486 2549 2547 2548 2849 2848 3056 2538 2936 2842 3175 3021 3161 3195 3043 2741 3042 2933 3038 3107 2816 3143 3199 3026 2841 2707 2796 2653 2761 3108 2987 3154 2879 2884 2436
4079 3975 4078 3987 3974 3948 3985 3986 3988 4043 4042 4044 4067 4066 3996 3955 4065 3967 4062 4060 4063 4072 4061 4064 4041 3953 4050 4049 3970 3968 3969 4056 3956 4055 4007 3989 4057 4008 4073 3972 4075 4074 4076 4077 3973 3971 4029 4006 3979 3949 4013 4014 3993 4022 3964 3957 4000 3959 4017 3997 3998 3960 4009 4018 4012 3980 3977 3978 4028 4021 4020 3966 3965 4003 4046 3962 4045 4047 4005 3963 4038 4019 4010 4048 4011 4081 4080 4039 4015 3982 4040 4037 4031 4002 4032 3990 3958 3984 3954 4001 4033 4030
4622 4578 4665 4634 4664 4611 4490 4637 3476 3364 4510 3644 3340 4663 4662 4477 3363 4629 4572 4762 4761 4778 4571 3580 3365 3560 4518 4517 4615 4667 4555 4702 4769 4523 4763 4777 4621 4700 4699 4819 4698 4522 4521 4801 4802 4803 4636 4593 4556 4580 4525 4545 4660 4496 4515 4514 4599 4583 4582 4544 4493 4585 4552 4587 4590 4505 4588 4586 4670 4516 4564 2424 4685 4581 4492 4520 4598
4772 4686 4826 4682 4806 4539 4807 4808 4764 4567 4809 4540 4810 4825 4781 4774 4610 4687 4568 4538 4780 4668 2423 2422 2246 2239 2237 2238 2316 2292 4875 4830 4867 2397 2215 4850 4885 4829 4898 4837 4836 4843 4841 4844 4869 4868 4870 3691 3391 3692 3693 3553 3389 3295 3539 3299 3747 3538 3742 3630 3335 4760 4526 4862 3296 3436 3315 3598 3597 3694 3314 4897 4834 4926 4896 4900 4927 4899 3581 3390 3475 3309 4604 3332 4832 3655 3540 3582 3331
4931 4 4932 4936 4933 4938 4935 783 4940 4934 782 775 819 818 821 765 4941 820 798 771 786 772 768 774 787 777 4696 4694 4695 4693 4929 4928 4939 4930 4937 2306 2234 2362 754 751 2280 2415 740 764 817 816 741 752 749 776 750 806 2414 753 805 795 797 796 2418 778 746 744 808 807 767 766 755 784 758 756 757 788 792 804 822 781 748 785 800 799 815 761 790 789 780 760 779 763 743 762 791 809 810 2267 2273 2311 2335 2288
1002 997 1003 1008 1006 1009 1010 979 952 1001 1038 972 1050 994 959 963 950 1044 1035 999 1036 971 951 1048 978 993 1049 977 949 1054 934 1015 936 935 970 942 937 995 991 1000 945 996 1029 944 1046 1004 1026 965 1028 1027 968 4895 4894 4856 981 4893 4852 70 67 69 64 65 66 980 1037 984 954 956 1059 946 1053 1039 1031 1040 1041 1030 1012 992 1014 964 1058 998 1007 969 948 947 943 960 185 183 184 201 1056 106 990 81 989 988 961 1013 987 1045 1043 1042 1057 974 955 973 1022 1021 1005 967 966 1055 976 939 938 1011 1024 975 1025 953 1033 1032 1020 1019 1047 1023 1060 983 982 1016 941 1052 1018 1017 986 985 1051 962 940 958 957 47 80 4872 79 110 4857 55 148
1077 1075 1218 1076 1906 1685 1159 1836 1285 1941 1940 2028 1927 1527 1885 1440 1926 1517 2017 1426 1392 1391 2194 1414 1169 1167 1528 1321 1441 1812 1439 1427 1393 1349 1297 1630 1217 1216 2023 1514 1513 436 435 462 459 1298 1253 1350 1199 1830 1708 2020 1967 1966 2035 2048 2047 2021 1828 1893 1201 1661 1200 1892 1595 1512 1658 1580 1582 1113 1765 1583 1257 1881 1764 1329 1327 1226 1737 1158 1886 1750 1925 1425 1984 1969 2127 1511 1510 1981 1799 1409 1751 1083 1729 1572 1882 1823 1326 1800 1265 1779 1684 1728 1225 1078 1263 1747 1917 1648 1714 2195 1982 1844 1560 1081 1530 1529 1194 1968 1696 1739 1638 1738 1825 1637 1915 1732 1695 1099 1085 1100 1491 1367 1214 1213 1771 1762 1347 1942 1907 1632 1334 1677 1678 1238 1237 1236 1578 1256 1763 1619 1571 1903 1991 1904 2027 1553 1370 1976 1724 1369 1918 1869 2000 1503 1381 2031 1894 1944 1397 1335 1396 1516 1395 1819 1515 1507 1160 1323 1351 1581 1647 1822 1865 1924 1988 2203 2205 2200 2201 2202 2204
2012 1814 1965 1824 1634 1849 1760 1653 1880 1996 1994 1780 1552 1804 1292 1995 1735 1803 1681 1783 1759 1978 1928 2052 1727 1243 2081 1726 1919 1584 1692 2088 1757 1756 2152 2115 2002 1603 2090 2055 2120 2149 1946 1601 1923 2066 1610 1134 2099 1324 1691 2098 1862 1612 1544 1116 2089 1899 1761 1999 1609 1069 1068 1971 1970 2007 1829 1419 1599 1456 1598 1687 1604 1458 1455 1117 1114 1457 1454 1481 1480 1536 1420 2164 1808 1301 1302 1287 1801 1649 1605 1675 1608 1774 2112 1716 1964 1963 2030 1962 2118 1733 2129 1874 2154 2131 1445 1062 1446 1061 1063 1835 1617 2003 1930 1683 1939 1543 1831 1131 1711 1155 1082 1943 1782 1561 1665 1628 1848 1807 1614 1613 1910 1758 1883 1620 1752 1645 2036 1983 1699 1987 1887 1777 1494 1133 1722 1586 1746 1566 1493 1700 1644 2068 1723 1663 1662 1851 2119 2044 1606 1821 1270 1071 2198 2183 1269 1198 1197 1070 1568 1567 1569 1499 1411 2111 1550 2114 1375 1373 1452 1535 1136 1498 1473 1873 1872 2130 1500
2128 2015 1624 2100 1839 2116 1575 2156 1832 1339 2155 2134 2148 2147 2103 2053 1734 1773 1871 1745 1596 1548 1796 1709 1797 1725 1705 1977 1798 1652 1188 1130 1227 2101 1710 1623 1592 1932 1551 1870 1693 2107 2059 1104 1103 1435 1144 2197 2054 1574 1931 1639 1833 1545 1809 1669 1891 1841 1769 1840 2143 2094 1721 1555 1958 1744 1742 1794 1792 1793 2026 2025 2163 1743 2153 2162 2161 1646 1579 1607 2079 1986 1597 2039 1908 1787 1772 1659 1959 1900 1961 1576 1546 2033 1770 2042 2034 1947 1863 1666 1916 1791 1654 2041 2040 1671 1670 1834 1755 1741 1573 1879 1686 1123 1122 1164 1642 1163 1356 1242 1533 1239 2159 1563 1399 1183 1303 1806 1300 1299 2032 1698 1816 2024 1859 1694 2176 1979 2175 1911 1786 1442 1209 1795 1443 1186 1549 1989 1495 1538 1281 1980 1524 1897 1712 1788 1855 1591 1922 1418 1890 1717 1740 1715 1564 1858 1690 1805 1643 1641 1408 1220 1767 1768 2014 1672 1790 1817 1673 1316 1315 1913 1193 1074 1331 1470 1073 1484 1330 1240 1233 1247 1846 1191 1192 1973 1602
2187 2067 2141 1954 2138 2188 2095 2084 2083 2085 2057 2144 2086 2122 1105 1557 1866 1754 2108 2062 2106 2082 2056 2096 2080 2071 1843 2123 2102 2075 2074 2073 2109 1461 2135 2091 2124 2145 2193 2172 2173 2192 2078 1296 1084 1504 1448 1313 1348 1090 1447 1312 2037 1266 1178 1095 1388 1387 2170 2160 2171 2166 2072 2167 1096 2191 2092 2169 2136 1094 2097 1179 2196
2380 2255 2282 2376 2375 2339 2337 2387 2379 2257 2248 2349 2294 2368 2409 2304 2305 2285 2281 2284 2283 2373 2302 2355 2303 2276 2274 2275 2301 2300 2408 2258 398 397 399 400 401 448 385 394 427 422 419 421 420 396 452 1 464 454 468 409 408 438 390 450 449 466 457 387 386 388 471 455 446 384 463 447 430 416 414 460 456 453 429 426 415 445 425 465 444 469 451 392 391 424 467 443 395 442 441 418 417 470 431 389 403 402 404 412 411 461 458 406 405 437 433 407 393 440 439 1785 423 473 472 434 432 410
2413 2210 4744 4633 2252 2250 2253 4653 4475 4574 4573 4628 4553 4733 4720 4714 4708 4717 4707 4755 4726 4754 4751 4650 4785 4750 4784 4727 4757 2411 2410 4759 4756 4813 4722 4752 4716 4749 4731 4732 4719 4738 4739 4735 4745 4743 4740 4748 4741 4742 4712 4705 4736 4747 4725 4711 4715 4706 4746 4758 4734 4721 4718 4737 4775 4728 4776 4753 4709 4729 4713 4730 4710 2318 2232 2348 2219 2289 2218 2317 2347 2346 2312 2254 2405 2226 2338 2412 2216 2358 4855 2266 4854 2307 2264 2231 2228 2360 2315 4790 4541 4485 4795 4788 4794 4789 4589 4796 4793 4601 4506 4625 4551 4607 4548 4498 4823 4799 4704 4488 4534 4487 2371 2217 2388 4689 4661 4701 4559 4659 4547 4507 4627 4511 4787 4786 4797 4470 4804 4527 4805 4684 4635 4683 2356 2243 4792 4617 4791 4798 4494 4612 4594 4603 4651 4532 4814 4565 4815 4816 4669 4646 4642 4822 4641 4566 4800 4543 4676 4821 4600 4820 4576 4509 4643 4638 4570 4647 4474 4606 4605 4626 4620 4723 4579 4666 4592 4724 4827 4533 4652 4681 4632 2242 4537 4536 4508 2251 2249 4818 4817 4542 4824 4674 4811 4619 4535
2944 2604 3116 2981 2625 3115 2652 2980 2624 2696 3055 2791 2609 2977 2868 2904 3117 3080 2814 2685 2692 2691 2892 2715 2679 2943 3162 3122 3110 3064 3149 2960 2867 3105 2970 2663 2706 2838 2946 2945 3132 3201 2820 2778 2507 2803 3120 3119 2994 2639 2636 3068 2703 2623 2641 2611 3139 2916 2966 2472 2471 2967 2620 2669 2664 2700 2699 2435 2525 2702 3061
3230 2513 3267 3235 2527 3252 2590 2628 2626 2627 2511 2510 2512 2444 2442 2443 2617 2616 3209 2642 3008 3007 3248 3015 3014 3249 2578 3225 2494 3226 2589 2588 3217 2473 3256 2648 3257 3258 3259 3260 3261 3274 2650 3275 3240 2646 3241 3262 2649 3255 2647 2493 3213 2644 2502 3237 2645 3238 2482 2480 2556 2504 2476 2483 2481 2592 2426 2425 2460 2600 2599 2518 2517 2519 2559 2509 2508 2614 2603 2520 3293 2553 3017 3016 3227 2503 3228 2643 2475 2477 2474 3219 2478 3218 3220 2484 3273 2631 3207 2447 3243 2560 3244 2522 3234
3251 3153 3081 2858 2757 2725 2756 2780 2839 2840 3269 2701 2710 3106 3040 3229 2456 3166 3010 3265 3288 2728 3126 3005 3027 2797 3111 3003 2774 3144 3002 2672 3236 3233 2984 2794 2448 2458 2931 2815 2978 3204 2697 2788 3268 2787 3013 2746 2704 2773 2772 3012 2781 2969 2782 2968 1185 1175 1519 1518
3578 3569 3732 3327 3298 3579 3577 3719 3590 3576 3573 3326 3658 3507 3506 3617 3434 3297 3463 3462 3464 3466 3460 3646 3645 3465 3310 3635 3339 3722 3636 3591 3440 3625 3684 3634 3723 3357 3724 3686 3333 3334 3461 3311 3478 3479 3358 3609 3428 3369 3368 3370 3524 3371 3624 3685 3414 3485 3568 3437 3486 3517 3372 3426 3424 3427 3425 3734 3739 3601 4876 4877 3343 3325 3341 3530 3342 3435 3488 3487 3681 3680 3682 3565 3564 3656 3354 3512 3510 3514 3509 3511 3508 3561 3513
3929 3803 3805 3796 3795 3774 3753 3937 3829 3828 3945 3854 3853 3857 3915 3862 3867 3866 3907 3886 3885 3905 3879 3876 3893 3895 3809 3940 3799 3941 3942 3871 3782 3870 3791 3781 3938 3802 3767 3939 3804 4144 4141 4142 4143 4151 4122 4203 4305 4200 4198 4199 3786 3906 3790 3788 3766 3764 3947 3834 3833 3920 3901 3900 3838 3830 3831 3930 3874 3875 3873 3868 3846 3921 3849 3896 3928 3897 3821 3887 3787 3858 3892 3903 3861 3904 3843 3825 3826 3842 3784 3880 3860 3859 3869 3848 3847 3773 3772 3762 3761 3785 3936 3789 3755 3754 3775 3801 3798 3777 3778 3944 3769 3943 3779 3756 3933 3750 3765 3763 3927 3794 3752 3768 3751 3890 3818 3817 3910 3891 3878 3877 3917 3797 3800 3935 3889 3855 3888 3911 3918 3883 3760 3759 3884 3882 3823 3913 3824 3946 3810 3922 3776 3932 3931 3758 3757 3793 3792 3923 3914 3814 3813 3899 3844 3841 3808 3807 3845 3839 3902 3863 3919 3912 3908 3837 3934 3898 3925 3924 3840 3916 3872 3894 3780 3865 3806 3864 3852 3851 3836 3835 3856 3909 3827 3881 3819 3926 3850 3832 3815 3811 3812 3820 3816 3822
4147 4145 4146 528 527 4172 4148 4171 4205 4287 4288 4282 4099 4283 4284 4186 4185 4108 4107 4097 4110 4109 4106 4071 4096 4070 4053 4054 4052 4051 3951 3976 3999 3950 4838 2313 521 517 518 520 516 4069 3995 4068 3983 519 4036 2343 3952 3981
4480 4479 3380 3379 3381 4554 4468 4680 4569 4482 4481 4469 4486 4561 4678 4679 3362 3710 3347 3395 3737 3608 3563 3384 3745 3718 3536 3543 3547 3321 3548 3731 3361 4768 4497 4771 4770 4624 4584 4623 4530 4489 4613 4563 4504 4503 4618 4812 4562 4558 4644 4616 4703 4512 4655 4602 4654 4630 4529 4528 4546 4524 4673 4631 4677 4767 4471 4640 4688 4531 4658 4472 4591 4560 4476 4500 4499 4675 4648 4672 4473 4765 4501 4766 4502 4773 4483 4484 4671 4557 4828 4783 4639 4549 4649 4491 4577 4550 4691 4609 4645 4782 4692 4690 4697 4513 4608 4614 4779 4519 4495 4597 4656 4657
4922 4912 4903 1034 4908 4902 4910 4904 4840 4906 4882 4839 4905 4891 4873 4920 4909 4907 4851 3382 3386 4923 4918 4849 4847 4892 4874 4914 4871 4916 4881 4901 4924 4913 4917 4835 4848 4879 3373 3388 4921 4863 3544 4925 4919 4915 4911 4888 4887 4890 4889 4595 4575 4596 4833 4478 4845 4842 3749 3748 3404 3623 3302 3346 3324 4880 4865 3474 3319 3557 3545 3707 3534 3550 3709 3708 3711 3450 3477 3618 3546 3490 3448 3446 3449 3387 3738 3721 3447 3301 4886 3643 4878 4864 3650 3619 3612 3605 3670 3746 3668 3669 3654 3542 4846 3455 3323 4831 3647 3454
90 88 89 5 91 108 56 179 150 199 153 57 145 97 149 176 120 194 158 193 173 53 205 112 196 231 227 230 225 220 72 224 138 226 217 229 219 84 218 222 221 192 78 169 171 111 77 87 188 186 228 170 168 42 59 182 43 151 137 26 147 159 154 63 32 61 60 160 155 237 238 223 105 135 190 157 175 93 156 33 14 13 16 121 6 17 15 18 161 30 131 191 19 104 202 198 200 21 20 162 28 177 22 167 174 125 233 195 52 197 146 130 127 128 129 236 48 45 46 172 96 143 36 142 38 37 39 40 235 234 144 35 34 98 41 203 2402 2341 2364 2229 2227 2235 2361 2363 4860 2366 4858 4861 4853 4859 4883 139 124 31 141 103 123 122 212 211 213 214 76 49 102 187 107 165 164 44 166 163 126 12 209 204 27 132 140 95 94 210 62 189 116 115 9 7 8 51 11 10 206
599 598 600 601 602 603 621 589 631 630 594 593 667 606 666 605 604 607 692 691 660 576 661 731 698 697 658 713 712 724 723 722 739 738 659 643 657 629 628 591 590 592 596 595 597 706 610 609 612 663 662 611 608 579 578 588 587 704 619 618 625 624 709 656 655 670 690 689 733 732 635 634 719 669 718 633 632 700 699 730 729 708 707 674 673 675 672 638 714 715 711 710 614 613 701 642 641 705 671 647 646 584 583 626 577 637 636 649 648 677 676 620 615 627 582 586 665 580 664 737 736 703 702 735 734 680 679 682 645 644 688 687 585 653 681 683 684 694 727 668 696 695 693 686 685 654 652 623 622 717 716 651 650 721 581 678 720 726 728 725 640 639 617 616
2278 2277 2390 2293 2256 2378 2291 2369 2272 2269 2382 2334 2270 2268 2271 2417 2416 2309 2421 2247 2403 2357 2230 2221 2224 2223 2406 2233 2296 2222 2262 2404 2377 2391 2209 2396 2419 2385 2386 2245 2220 2333 2374 2398 2400 2401 2342 2290 2383 2399 2207 2295 840 839 2263 2259 2260 2261 2352 841 2365 2299 2297 2298 2370 2384 2310 2236 2329 2420 2340 2330 2327 2328 2319 2381 2389 2353 2354 2314 2240 2287 2265 2395 2392 2394 2332 2286 2393 2351 2225 2321 2279 2323 2322 2324 2325 2367 2241 2320 2372 2359 2244 2326 2407 2350 2336 2331 2344 2345 2308
3104 2705 2897 2571 3024 2898 2819 2818 3246 2997 2894 3001 2678 2677 2566 2895 2899 2572 2573 2900 2574 2896 2569 2570 2789 2667 2911 2910 2595 2568 2567 2594 3171 2942 2544 4220 2834 2833 2713 2465 2714 2745 2744 2487 3291 3289 2651 2612 2524 2613 3292 3290 2806 2805 2529 2856 2550 2857 2540 2962 2961 2619 2606 2607 2976 2975 2533 2558
3661 3604 3556 3610 3607 3606 3652 3555 3651 3493 3659 3406 3687 3403 3402 3535 3401 3632 3631 3451 3303 3673 3430 3429 3706 3620 3705 3720 3567 3600 3603 3629 3338 3683 3405 3664 3350 3458 3457 3459 3729 3688 3730 3642 3641 3679 3348 3744 3662 3349 4866 4884
4248 4247 4249 4223 4137 4201 4098 4246 4228 4102 4242 4101 4245 4261 492 482 488 4174 475 4327 4150 4253 4128 4222 4202 4221 4112 4269 4129 4126 4127 4301 4187 4318 4134 4133 4157 4243 4156 4250 4259 4254 4154 4240 4118 4241 4125 4123 4124 4160 4119 4155 4218 4091 4161 4207 4270 4087 4082 4086 4085 4083 4084 2557 4100 4194 4191 4192 4193 4235 4252 4162 4163 4303 4302 4304 4266 2622 4251 4268 4088 4173 4219 4195 4206 4224 4158 4229 4230 4234 4239 4138 4260 4271 4225 4272 4273 4274 4275 4276 4231 4159 4232 4233 4244 4111 4238 4136 4135 4139 4296 4182 4297 4298 4299 4314 4211 4315 4316 4317 4215 4190 4265 4256 4264 4209 4167 4117 4093 4092 4322 4285 4323 4319 4300 4320 4089 4236 4204 4237 4257 4262 4263 4212 4116 4188 4090 4189 4184 4183 4227 4291 4181 4255 4196 4258 4267 4132 4131 4197 4169 4168 4170
4324 4130 4325 4321 4115 4326 4149 2441 4446 23 4449 50 4448 152 86 101 100 4460 2563 58 134 99 29 75 83 82 880 849 887 888 889 890 912 848 918 913 914 915 919 916 917 4463 4450 4451 4445 831 901 881 847 871 827 826 845 866 853 857 856 861 908 850 909 910 927 922 923 924 928 925 926 899 851 885 884 865 860 862 844 864 4458 855 852 867 834 863 897 893 836 835 830 837 4456 4454 4457 4455 4452 4453 4464 4459 4465 4466 4467 515 868 832 869 905 906 907 911 920 921 933 931 874 900 895 877 870 896 878 846 904 828 859 833 522 829 873 838 892 882 879 876 858 894 932 883 898 875 902 930 891 903 886 872 929 136 854
2982 3004 2775 2687 2779 2843 3196 2941 2809 2686 2446 2709 2605 2957 3095 2445 2708 2682 2956 2958 3264 2712 3221 3211 2954 2955 2610 2964 2963 2505 2783 2587 2912 2586 3216 2711 3200 2675 2891 2673 2674 2437 3159 2718 4024 3961 4035 4058 4059 4016 4034 4027 4025 2940 3224 3170 2466 3280 3245 2717 3994 4026 3991 3992 4004 4023 2721 2720 2451 3044 2577 3278 3206 2990 2489 3253 3215 2490 2584 2583 2542 2829 2828 2736 2541 2429 2657 3156 2670 2452 2468 2467 3096 2881 3231 3198 3163 3054 2999 2993 2890 2758 2723 2974 3053 2883 2882 3191 2698 3271 3135 3134 3094 2455 2561 2454 3118 3247 3145 3112 2880 2579 2903 2434 2662 2462 2591 2913 2433 2432 2817 2461
3411 3713 3712 3714 3328 3741 3444 3383 3329 3743 3516 3499 3628 3420 3308 3653 3353 3613 3583 3330 3588 2 3638 3637 3526 3525 3498 3627 3413 3469 3615 3443 3445 3614 3663 3593 3592 3616 3452 3385 3527 3666 3438 3356 3717 3366 3716 3715 3639 3344 3660 3416 3649 3345 3648 3473 3640 3657 3398 3397 3316 3626 3584 3 3399 3611 3432 3696 3695 3392 3433 3377 3418 3417 3431 3376 3375 3374 3575 3320 3678 3574 3419 3677 3412 3520 3518 3585 3586 3727 3665 3595 3359 3728 3596 3492 3676 3700 3481 3482 3378 3566 3400 3554 3423 3529 3491 3726 3360 3467 3313 3698 3697 3505 3733 3622 3456 3312 3633 3322 3699 3690 3352 3703 3671 3533 3421 3675 3351 3702 3515 3701 3552 3415 3503 3468 3621 3317 3558 3522 3537 3704 3531 3532 3483 3484 3740 3523 3572 3602 3571 3367 3318 3725 3541 3422 3672 3394 3393 3337 3336 3528 3439 3589 3570 3504 3551 3307 3689 3674 3599 3472 3562 3594 3294 3489 3396 3521 3410 3409 3355 3480 3471 3470 3306 3305 3304 3502 3496 3736 3501 3494 3500 3495 3735 3497 3453 3587 3559 3300 3442 3441 3549 3667 3519 3408 3407
