10
22 21 354 20 19 356 15 352 353 8 23 18
118 40 173 174 280 286 287 288 289 290 291 292 309 337 370 388 394 396 401 402 414 434 79 155 172 264 276 298 343 368 32 43 75 78 96 102 103 104 105 106 107 270 271 277 392 395 437 24 25 26 46 47 48 35 76 317 279
232 138 142 139 229 230 374 389 432 435 436 1 27 28 39 44 45 68 98 109 122 129 130 140 160 168 177 180 181 199 207 211 218 227 228 239 242 297 357 421 29 30 41 49 64 65 77 87 90 100 117 121 153 178 191 215 282 293 422 42 111 114 116 171 190 413 445 89 214 223 269 409 31 86 165 205 206 268 415 265 50 382
274 56 123 225 433 450 195 217 307 247 12 9 176 182 16 17 179 133 126 146 419 183 197 208 246 188 302 184 198 310 365 196 200 311 261
284 283 266 110 417 91 97 144 67 66 386 10 387 408 449 451 74 300 340 342 383 384 431 11 299 319 339 92 95
366 351 403 367 390 380 345 346 347 348 278 101 119 250 57 61 213 204 222 150 55 154 285 426 53 94 151 358 281 73 349 407 406 135 131 304 316 420
399 306 132 62 124 128 248 441 125 145 405 60 63 70 136 143 164 332 335 336 364 58 59 127 147 162 175 236 237 258 259 275 303 318 321 322 324 325 327 328 329 333 334 344 404 416 424 430 444 33 37 54 235 320 323 326 393 429 36 149 152 440 301 443 93 412
428 360 108 410 369 257 240 244 355 170 167 169 157 159 241 4 6 243 7 245 350 3 158 163 238 378 379 2 377 249
452 209 397 263 341 338 201 88 202 231 439 442 203 220 267 295 427 38 99 161 294 193 212 221 224 391 13 112 362 189 361 166
453 185 234 400 305 398 372 34 210 134 216 156 80 272 273 81 82 83 84 233 85 363 226 187 376 192 371 411 423 14 253 252 254 251 255 448 137 141 447 51 359 72 331 330 313 256 314 315 438 262 113 260 194 219 148 5 115 296 120 446 52 69 71 186 312 373 375 308 381 385 418 425
