1245
13529 13528 13530 13531 13532 13533 13534 13535 13536 13537 12864 12878 12860 12861 12862 12863
6864 6863 6865 6866 6867 6868 6869 6870 6871
14017 14016 14018 14019 14020 14021 14022 14023 14024
6239 6245 6238 6240 6241 6242 6243 6244 14226
12503 12505 12506 12507 12508 12509 12510 12504
15664 15666 15667 15668 15669 15670 15671 15665
840 839 841 842 843 844 845 1059 1060 1061 4538 6558 6559 7545 8367 8784 9062 9483 10633 10634 10635 10636 14888 14889 14890 14891 14892 14893 14898 14899 14900 14901 14902 15038 15039 4541 4540 1861 4539 7952 11476 13405 5783 5784 14158 14157 14159 5237 4949 5234 5235 5236 5956 13929 13930 14031 14032 14033 14034 14035 14036 14037 14038 15070 15069 15068 16042 8276 8277 8278 8279 16041 16086 16087 16088 6838 3296 2983 7607 15697 2984 9051 15083 15082 12889 9713 13329 7968 5512 7745 8034 12642 13618 4387 6118 5432 5431 5433 137 2769 2768 4386 6413 4373 9512 13406 138 2040 2723 5104 24 23 16594 5221 5222 16595 16596 1413 1411 1412 1414 1782 1783 1784 9560 9732 14647 934 935 936 8960 428 427 14207 6098 11845 7967 4013 3271 9287 16667 8726 8725 12831 12830 7718 7813 7812 3642 159 160 3413 14571 14572 14573 5299 918 5300 2962 457 290 1207 1206 1208 1205 2639 46 80 654 3418 4027 4670 5317 5990 6009 9519 12139 12264 470 732 913 1128 1961 4138 6528 7040 8050 13758 39 146 291 429 1541 1926 2086 3526 4137 4226 6708 10639 14768 16408 4225 82 16117 6303 5591 5912 10947 9662 9663 10445 14265 4279 11474 14810 14809 14808 15649 7174 7169 7170 7171 7172 7173 7175 7176 7177 7178 7179 7180 6422 4379 4609 4610 4611 4612 6423 4380 4381 10596 10594 10595 11036 11035 7206 7205 6791 4305 8108 8107 643 4306 4304 7029 2263 14622 13463 12423 5273 5274 8809 10575 10574 8808 8807 2410 10802 1511 15724 8317 8308 7646 2628 2453 2262 2408 2404 10868 10674 8609 8446 8436 9830 1189 302 1188 1670 15794 15793 8117 4339 7027 7026 2277 10399 5977 5978 13392 13391 13393 15938 12569 9410 9412 482 9411 15935 16504 16503 16505 4288 8795 881 167 483 9133 10915 12244
2806 2804 2805 2807 2808 14854 14855 14856 14857 15885 15886 8981 7245 8982 12853 12852 15053 7937 7936 4404 4403 4405 2578 2579 10954 12829 10918 8662 9608 5075 9854 3003 2369 2368 9257 9256 1442 5714 953 1441 2367 955 954 3514 3513 4829 3185 8099 11540 4557 8137 8135 8136 8138 11753 1145 1146 16431 16430 8597 7971 2313 2311 2312 2314 4307 16653 787 1803 3679 2774 2776 2777 2778 2775 1067 1065 1066 1068 1069 1070 1076 1077 1078 1079 1083 10143 15339 13887 16153 8741 14299 14298 6249 6248 16436 16435 16437 5366 13658 5367 13656 13657 14103 16698 16699 16700 12137 5875 10330 4245 4244 4246 12738 12739 12740 12741 397 5527 9272 12412 3164 3162 3163 3165 3160 3161 5131 10199 10198 12468 12469 12470 10197 3564 1166 1167 2321 2487 3798 4964 7185 7328 7934 9123 9984 11905 12981 13931 1164 1165 1171 3949 11902 2375 2816 9157 1129 15565 7235 5288 5287 5286 7294 4069 4068 4067 13803 3742 11256 12231 12230 12232 4051 4053 4052 7791 3336 3334 3335 7750 7785 5891 5890 7696 5889 16370 8906 14251 8063
5737 5736 5738 8601 8671 9120 9121 9122
6074 6072 6073 8826 9557 9558 9559 10728 6071
6166 6165 6167 6168 6169 6170 6171
8204 2503 2505 5205 8994 2502 9087 2416 2504 16339 2417 2522 5759 6915 14185 14184 5758 10490 10489 14314 12770 12769 6434 6913 12281 12280 12278 12279 14620 14619 14621 14575 14410 6979 6980 14628 6978 5607 5606 15655 12548 9116 6529 14067 14066 14068 5017 5016 5018 15978 4719 4718 4720 7726 11837 12848 625 624 626 3353 623 7233 7556 11853 11868 13110 13886 7232 13120 3479 3480 6530 11027 11028 11029 13130 10358 9033 16694 7295 6608 11312 4606 4607 1555 14601 5913 5914 5915 5916 8946 1512 2498 4233 4235 1554 4232 4234 2665 6647 1387 1385 1386 3406 3407 4646 7279 8159 8406 8650 8892 10061 16388 3270 3269 2993 2992 15810 13115 15562 7075 12647 12648 3395 8764 16346 13826 13825 13827 2257 2255 2256 2258 2997 2990 2991 2998 9207 9208 9209 2989 5230 10331 3656 5583 16459 2261 16460 2260 13085 5089 5090 5091 5092 5093 13136 3655 8840 6749 6748 3379 5068 4251 6081 4676 3387 10813 3386 6554 5644 5645 8889 8888 5418 8887 10553 16425 16424 16494 16493 11762 5653 5505 5652 3380 8155 10874 6380 12018 3148 5496 5622
9812 9811 9813 9814 9815 9816 9817 10241 10240 10242
10861 10860 10862 10863 10864 10865 10866
12026 12025 12027 12028 12029 12030 12031
12365 12364 12367 12368 12369 12370 12371
13844 13843 13845 13846 13847 13848 13849
14506 14505 14507 14508 14509 14510 2767 5047 2766
14771 14770 14772 14773 14774 14775 14776
15522 15521 15523 15524 15525 6284 6793 13323 6792
16263 6220 16264 16265 16266 16267 16268
728 726 727 3422 3481 3421 1731 809 810 2320 4927 10369 10579 10581 12416 8600 8599 16706 12464 4377 4378 8598 2965 9712 9711 5779 8758 5074 2828 2827 2829 4616 4432 4431 105 1609 10145 10144 6121 6122 12778 4433 6119 10611 5445 4408 4407 9258 609 608 3884 3883 5310 12418 12417 8461 7912 3292 3882 4878 15624 15623 15625 15626 2195 10604 8187 8186 8188 15704 1621 4291 4284 694 692 15338 15337 3893 15228 11508 15229 14476 14475 610 5941 12209 2497 4978 8526 8527 8528 8529 10126 693 1622 6025 12121 11914 1018 1017 12609 6023 6021 6022 6024 6026 14050 14006 14004 14005 14007 1016 4753 6299 12764 4285 72 4214 13948 15556 10759 10758 9951 9952 13213 13212 13214 1064 14741 14735 7183 7182 8301 3313 8300 15111 15110 15882 3934 3933 2721 2722 12305 12303 12304 12332 15788 5515 12330 14241 1063 10325 9231 4842 4841 4843 2708 2879 2878 7111 1563 1611 4003 6263 10056 1559 8066 5888 3587 1950 3792 490 1785 7987 15919 13787 13786 16707 13975 13974 13976 13977 13785 8545 4241 15221 15220 2427 6567 1320 1321 6568 7427 8735 1319 724 723 725 1139 4732 6671 10195 11399 16322 722 1764 7667 3232 4 6 7 765 891 2212 2876 3048 3478 8785 10757 11904 11935 14221 813 811 812 3128 8307 3381 7549 3175 15847 15846 15856 15857 12545 5470 5918 9897 3119 3120 3121 3122 5997 6181 11947 11948 11949 11950 989 987 988 990 991 992 993 994 995 9277 9278 9279 9280 9281 9282 11059 12846 12845 12847 8755 14584 16666 1941 10844 12546 16137 16249 6309 4689 7935 16444 15166 4685 9385 4684 14938 10394 14937 16156 16155 16157 14936 13964 13963 3032 2307 2308 13357 1567 1566 1565 9904 9903 15740 15743 7475 2607 3102 1587 8562 1586 1176 222 3881 15325 8062 8061 9925 9924 6210 8342 116 118 2306 4470 15153 4499 47 48 49 50 188 189 785 2001 2264 2534 2541 2687 2955 3251 3252 3565 3615 3616 3877 4777 5311 5318 5319 5935 5982 7762 8235 8691 8692 8918 10230 12514 13373 13788 16305 1916 1999 2000 11178 11180 11177 11179 8058 10488 11388 4437 1097 1098 1099 1914 1915 1917 2929 10498 15185 771 8258 8259 11282 15360 11281 16020 260 259 4955 4956 7378 12668 789 13773 5189 2351 15609 14478 252 253 945 549 944 946 1288 1287 3458 3459 6723 12142 244 4441 13952 3886 3885 8468 12582 10326 13178 13177 9528 9527 5175 14231 8380 8381 564 1344 2295 4126 10147 7907 4912 5541 16652 13776 14138 13777 13772 13771 10507 10506 8645 8644 4976 4975 7187 7186 7188 7189 11885 3207 3206 3208 9840 9843 738 9841 9842 13774 13775 16650 449 448 447 4481 1722 736 737 3935 11096 10644 12646 12645 5701 1576 1577 1938 12616 9707 9709 13176 9706 9708 16686 16685 16687 16688 16689 5700 10323 11521 9710 10322 43 1632 11522 4066 3060 16349 6645 6643 6644 6646 7939 8423 12208 10896 10895 6879 2377 563 565 568 566 567 569 570 10239 16379 13106 9942 13105 9666 9665 9667 9664 15063 788 7915 15999 16616 11371 16617 16618 1623 1624 1495 1494 10514 13363 1073 1082 1141 5323 1204 7774 14786 14787 15646 15647 15648 7776 2208 962 1203 1667 2209 5625 963 8591 705 9494 9497 9498 9493 9495 9496 9929 8733 4891 8732 13900 13901 7570 784 16232 1158 11486 11485 142 141 2552 3838 4026 4443 6183 12132 15561 4691 44 1255 12814 11171 7844 42 489 4731 1019 14897 16670 872 258 1598 2270 15311 651 1946 3455 4510 4730 8190 12936 15807 998 5107 12056 12055
8022 8024 8025 8026 8027 8023
8605 8603 8604 8606 8607 8608 8611 8612 8613 8614
9835 9833 9831 8729 8727 8728 8730 12625 33 6179 16657 14166 14168 14167 13539 12110 12111 12113 12114 13540 13541 9834 12112 15855 11507 13675 3576 12873 15795 337 10027 2156 336 15384 10842 10840 11467 147 16354 16353 16352 11468 3781 10841 15508 4275 4274 9786 4236 14027 14026 12201 2743 11305 11304 11303 15134 4369 14094 14813 15135 3694 15694 15693 13347 14617 14618 13349 15797 15796 15798 15799 13348 8956 6096 6113 7181 5257 6112 6114 9192 9193 12727 2058 1743 1744 2418 2054 2056 2059 15757 15756 15758 15759 15760 15761 15762 11286 11287 15727 15526 15142 13303 13302 12200 15957 9482 8945 8944 8943 1246 5770 4984 10342 11470 12734 14807 13385 13384 11417 338 721 3641 11401 5861 12763 4665 269 270 11137 3383 3382 7204 5475 3059 3840 3071 3839 3841 15336 15552 15651 15652 15653 15654 15335 9286 14720 14719 14721 14722 10089 10088 10090 3706 3703 3704 3705 3707 6054 6564 14518 8088 8089 8090 8091 8092 8649 9447 9536 10327 10328 10329 14519 14520 2038 2034 2035 2036 2037 3276 3277 3278 3279 3280 8574 8801 8802 8803 8804 9637 9639 9640 10091 11309 11488 12250 12286 12317 12585 12586 12587 12588 13557 13631 13632 13633 13858 13859 13860 14830 14831 15276 15488 15619 15620 15621 15622 16665 59 213 1012 1027 1760 2033 2057 2340 3312 4983 8263 9638 11820 12872 13028 13381 13732 13733 13734 15302 3321 4368 4440
11674 11673 6770 6769 2785 5348 5347 5346 9576 9573 9574 9575 12843 12651 12650 4193 1659 15572 10727 4818 4817 14863 415 414 416 9829 413 941 5217 808 3195 806 807 3461 3460 16330 14452 14451 14177 10429 1906 5014 5013 7196 5012 9855 13979 1907 6155 6154 14182 8078 10036 10446 187 1004 239 1003 238 10320 3372 7625 13861 7525 6899 6898 6850 6849 7651 15568 3144 5341 2319 56 57 2703 2704 2705 9026 11593 8484 11609 12589 8483 14012 13113 2815 2814 3415 6929 2813 6581 10509 3985 6974 5826 8454 7749 6731 6730 861 860 862 5951 13970 13380 13969 13971 15986 12311 3744 3745 3743 6624 6623 6625 5827 5171 5170 5172 4041 4874 5473 5691 15512 15555 16387 2370 12497 12498 16400 16399 16401 1762 1967 13266 5789 5788 9230 760 12393 10321 5514 13798 12058 12057 10839 9038 9037 6880
12549 12551 12552 13455 13456 12550
12932 12930 12931 12933 12934 14267 14268 12929
13474 11156 13475 14449 1433 4816 8237 12020 1432 1431 13510 13509 2982 2980 2979 2981 6986 4954 4953 12067 12066 12068 12069 4946 15419 15418 15420 6926 6927 6924 10448 4356 8759 8687 2892 13746 14692 14691 3331 13834 8556 12074 11934 10573 10572 7457 7456 7134 7133 6335 6334 5586 2627 5585 6917 6918 7780 7782 11942 11943 4526 4525 3052 3050 383 382 15994 15993 15995 11336 11335 7340 7339 7341 4876 4875 8240 3051 4104 544 4103 4105 4452 4453 4455 6264 2067 1956 1957 1958 2931 2932 2933 2934 3111 3112 3113 3114 4028 4029 5031 5032 5033 5034 5035 6460 6461 6462 6463 6464 10922 10923 10924 11907 11908 11909 12272 13879 13880 13881 13882 13883 16347 16348 3899 2064 2063 2066 15247 15246 15248 11411 11414 15244 15245 11412 11413 14656 14653 14654 14655 15431 16393 14598 14597 14599 14600 12343 12342 9609 25 6062 7335 7799 7800 7801 7802 7803 7804 7809 8087 8083 8084 8085 8086 6874 6873 2643 5864 5863 5865 10786 10784 10785 15408 10782 10783 9760 9762 9759 9761 5553 5551 5552 5554 5555 7940 7941 12499 12500 14382 5550 12707 12706 12708 12709 3307 10469 13438 9946 8428 8429 8430 8431 8432 8433 8434 8435 9947 9789 9787 9790 6600 16624 4127 13916 16625 3686 6616 5757 11132 11129 11131 11133 11663 11130 3723 3719 3720 3721 3722 3724 3725 3726 3727 5060 5855 5856 7635 7636 7637 7721 7722 7723 7807 8413 8414 8415 9832 10485 10486 10487 10621 13229 13230 13661 14335 14336 14337 14338 14339 14340 14353 14354 14705 910 2024 3718 5052 5088 6617 8166 8361 11008 11009 14758 480 2022 2023 2532 13074 14690 9097 9096 9098 9099 9100 9101 9102 11183 15866 15867 15868 2181 6570 6894 9095 10294 1185 7520 8417 8419 14001 8217 7517 7069 5295 5296 5297 5298 6090 6091 6092 6093 6108 6109 6110 6111 7068 7070 8518 10787 11134 11135 11400 12195 12756 12822 12823 12824 12825 15389 15390 15925 15926 15927 877 879 880 1840 1841 1842 1843 1844 1845 1846 1847 1848 2030 2031 2032 2496 2568 3501 3502 3503 3504 3505 3506 3515 3516 3702 3734 4031 4034 4107 4248 4335 4472 4473 4474 4524 4633 4924 4925 4950 5087 5333 5483 5484 5485 5486 5487 5488 5489 5490 5491 5709 5953 6251 6313 6599 6614 6674 6819 7220 7312 7313 7314 7315 7359 7360 7361 7362 7363 7368 7369 7370 7373 7437 7438 7439 7440 7441 7501 7502 7503 7504 7518 7519 7521 7547 7548 7608 7808 7810 7811 7853 7942 8106 8161 8486 8516 8517 8620 8711 8779 8780 8781 8782 9113 9114 9171 9220 9318 9319 9339 9340 9455 9682 9745 9746 9748 9788 9804 9805 9806 9807 9808 10013 10014 10015 10016 10017 10018 10078 10122 10123 10124 10237 10238 10293 10295 10383 10386 10438 10439 10450 10451 10502 10503 10504 10557 10558 10588 10589 10590 10605 10637 10914 10977 10978 10979 10980 10981 11098 11184 11185 11238 11248 11542 11583 11584 11585 11586 11602 11638 11639 11640 11641 11642 11798 11799 11821 11847 11848 11954 12038 12059 12060 12061 12062 12206 12295 12324 12325 12326 12327 12328 12502 12537 12538 12539 12540 12541 12542 12543 12544 12761 12762 12779 12780 12781 12782 13037 13038 13039 13063 13064 13065 13231 13232 13233 13268 13346 13358 13446 13507 13508 13609 13610 13647 13757 13835 13836 13837 13838 13839 13840 13950 13951 14079 14133 14134 14218 14219 14300 14301 14387 14388 14389 14390 14846 14847 14848 14933 14934 14935 14989 15165 15200 15286 15287 15409 15410 15423 15424 15425 15426 15511 15545 15731 15732 15844 15877 15933 16026 16027 16076 16077 16078 16114 16182 16220 16242 16243 16270 16271 16272 16273 16277 16278 16279 16280 16285 16332 16333 16474 16539 16643 16644 16674 16675 16676 17 90 91 93 271 381 1122 1382 1420 2055 2065 2117 2893 3169 3891 4032 4033 4247 4250 4471 4503 4695 4862 4947 4948 5082 5196 5199 5389 5390 5732 6104 6314 6352 6526 6527 6597 6598 6618 6740 6833 6875 6925 7043 7352 7455 7863 8745 9010 9011 9112 9343 9768 10385 10387 10388 10468 10587 11115 11712 11744 11846 12083 12138 12203 12204 12205 12711 12712 14409 15136 16311 16312 1948 4454 4475 7781 7864 10384 11661 11662 12922 12923 12924 15474 15475 6890 6892 6893 7860 7861 7862 6891 8951
13598 13600 13601 13602 13603 13599
13936 13938 13939 13940 13937 4361 3072 3073 3074 3075 3438 3439 3440 4362 15928 15929 15930 15942 8814 7492 7493 7494 7495 8813 8815 9323 6714 6896 6895 6897 15701 15700 6715 9355 6196 12207 9542 9543 9544 9545 13596 13597 6716 9818 11021 11020 3652 3651 7474 7473 5308 5307 14751 14750 13754 14516 14517 14515 12454 12456 12457 5309 12455 5150 10632 10630 10631 3228 5149 5147 5148 5151 2439 8665 14473 607 606 9659 6258 6257 6517 2451 2917 2918 2919 2920 2921 2922 3171 4164 4165 4166 7211 12063 13614 16324 2324 2325 2916 7077 8443 9353 10223 13083 13084 2323 4937 4936 4938 4939 4940 4941 4942 4943 3319 9226 9137 9134 9135 9136 9138 9139 9145 11773 11774 13549 13550 15763 11301 3926 3925 2753 1338 12884 12883 8051 1339 14603 14602 11074 11073 4795 4793 4794 9613 2388 2389 4792 12692 12691 12693 2751 2752 2750
14228 13099 13100 13101 13102 13103 13104 14229 14230 15769 15770 15836 15837
14315 14317 14318 14319 14320 14316
14530 14532 14533 14534 14535 14531
15482 15479 15480 15481 15483 15484 15519 15520 16584 16585 16465 16464 16466 16467
16485 14996 14998 14999 15000 15001 15006 15007 14997
1645 1644 1646 1647 1648 2994 2995 3834 5965 7060
4197 4194 4195 4196 4198 6482
4485 4484 4486 4487 4488
5399 5398 5400 6733 6734
8325 8324 8326 8327 6494 6495
8400 8399 8401 8402 8403
9118 9117 9119 9205 9206 13912
9578 9484 9579 9580 9581
9891 9890 9953 10098 14760 14759 10097
9960 9959 9961 9962 9963
10871 10870 10872 10873 5847 5448 5447 5449
10970 10969 10971 10972 10973
11528 11527 11529 11530 11531
11664 11614 11615 11616 11617 11618 11619 11620 11621 11622 15174 8052 8053
12313 12312 12314 12315 12316
13643 13642 13644 13645 13646
14280 14279 14281 14282 14283
15030 15029 15031 15032 15033 15143 8851 8850 8849
15130 15127 15128 15129 15131 15132 15767 15766 15768 10516 10243 15677 15641 11994 6489 11922 10748 8175 514 3648 8176 10496 11425 11424 11426 11427 11428 11429 11430 11431 11432 11433 11434 4798 7213 11945 11946 10508 9510 15368 3647 7491 10510 15997 15996 8316 11913 8315 11147 4797 780 779 1357 1358 6048 10526 7878 10527 12356 12357 12358 12359 16323 6909 11288 11125 778 6677 8582 13985 7886 2273 2272 16654 2271 4457 9546 11086 11187 11085 9550 9549 16487 16486 9470 6376 1805 1804 1789 1787 7382 7381 7383 1788 2383 2395 9896 11826 9596 9595 9597 5510 5829 1607 1933 2305 5180 5181 11723 1932 12721 2652 10925 378 3880 6962 5631 680 7017 8236 11124 11123 1699 7358 4282 4281 4283 10998 1523 3136 1701 2511 1524 7207 12283 12282 12284 2380 2381 11568 15243 1703 9641 1658 301 10263 10262 8749 5666 5795 5794 1642 1643 1641 16269 15753 15752 15754 15755 1723 2266 10888 11716 11717 2267 2755 9552 2758 6861 6862 10867 2757 2967 16428 6082 13935 1031 9688 1030 2527 4919 6019 2526 4899 6881 1112 7879 5530 5529 5528 2480 1113 15320 13108 13109 1790 10354 3396 9437 10355 9436 3172 510 895 896 897 1007 1008 1557 1746 1791 3291 3397 3665 5132 5690 7282 7398 8162 8500 13088 13437 13884 15036 140 638 2481 4918 846 1525 2756 6305 7212 8763 9509 9642 16677
15201 8459 15202 15203 15204
15344 15341 15342 15343 15214 15216 15217 15218 15219 4696 9747 10732 15215 8701 8699 8700 8696 8697 8698 16498 16497 16499 16500 16501 16502 8953 8954 10731 14236 5345 1345 1346 1347 2832 6120 7158 7558 7568 7569 7602 7603 8702 10028 10029 10030 11011 11012 12527 12528 12529 12530 12531 15834 15835 7919 7918 7920 7921 6398 4150 503 507 1072 2659 2660 3215 4149 5704 6539 6540 6660 7908 9460 13166 15147 505 2327 2328 3214 5520 5521 8690 11127 10919 11126 12080 14912 8637 8638 8639 8640 8641 8642 8643 16236 8636 12386 2174 506 13965 11010 10920 4905 7489 11186 504 12713 11419 7488 5643 1526 344 343 6194 7380 7379 5270 5284 5283 12450 5312 5313 139 8752 1330 717 1343 6360 6276 6275 6501 3081 3082 11797 12366 12159 3674 1342 12768 14097
925 924 926 923 13164 13163 13165
1095 1094 1096 1093 6620 3106 1121
1173 1172 1174 4423 7203 7199 7200 7201 7202 13001 13116 13117 14418 14419 14420 1175 5697 7198 13002 5698 5699 5696
1242 1241 1243 13449
1438 1437 13811 13812
1486 1485 1487 1488
1974 1973 1975 1972 1875
2129 2127 2128 7349 7353
2145 2144 2146 2147
2214 2213 2215 2216
2564 2563 7083 7084
2636 2635 2637 2638 4931
2741 2740 2742 2739 6087 6086 6088 6089 6085 12928 12927 12143 10791 10755 4856 8068 8067 8069 8070 1477 1452 1478 2133 317 620 622 2801 2800 2802 11240 10467 8102 9161 13454 316 2132 1150 1149 1151 1147 2605 2604 2606 2603 1148 7902 7903 2126 2124 2125 621 2122 2123 8881 7391 6502 16338 16337 7859 7410 6638 6637 6639 6640 9450 7392 7931 9449 14083 14084 320 11825 9140 9141 9142 9143 10264 13795 2131 6319 9176 11175 12717 13629 13630 16693 9738 9737 9739 9740 9741 3851 3126 6907 3127 6908 6911 6912 16066 16065 13934 13933 11815 6296 6261 6262 12904 12903 12905 12906 12907 12908 12909 12910 223 3306 5873 6295 3853 3852 3854 8410 5818 15148 5819 9836 5600 5601 5602 16115 4911 4910 10535 7632 7631 7633 6965 15416 15417 5820 6964 9892 6428 6429 6430 14344 9931 9932 9930 16631 11170 11169 4238 4237 14448 14447 10695 10694 4644 4643 5572 5681 8683 5571 4413 4412 4873 16367 16366 16368 16369 9418 14297 14296 13447 3770 3198 1679 1678 3570 3571 3572 1470 318 319 1469 1471 1454 616 617 618 1453 1455 1472 2376 3016 3018 3019 4870 4872 5293 7366 8291 8340 8538 8539 8589 9996 10253 10254 10615 10699 14077 14093 16362 977 976 6582 12812 5022 5999 2583 2584 2585 9175 1473 6138 8297 8296 8298 5026 10833 8681 7047 7733 10880 13086 9000 8999 5061 611 1311 2136 4205 4206 5156 7965 8115 12285 13254 2135 5155 5882 2134 7042 7041 5141 5880 1522 6401 7671 1826 1013 12953 3924 8438 8437 9927 2303 1274 10676 10675 7447 6236 10266 10265 10267 10268 10269 13364 14055 14054 4110 4109 2555 2554 10577 2414 10578 2413 4859 4858 4857 7622 7621 10770 4802 4803 4804 10771 2707 15934 14961 8891 2587 2586 2588 2590 7769 7768 7770 8676 2589 11075 11081 165 11076 11077 11078 11079 11080 3097 120 119 7345 2711 2710 1912 12733 12732 10769 10768 1708 1707 15923 14186 1312 1313 1314 2276 2556 3026 3560 10879 12991 13126 13127 13737 8449 8447 9958 7962 8474 2859 2860 8473 10776 12399 15493 2706 10494 2927 2925 2926 2928 11610 2130 8448 16463 1295 7562 9297 13095 13125 15850 1862 1998 6403 13184 13448
3012 3011 3013 3014
3469 3466 3467 3468 10426
3688 3687 3689 3043 4167 3044
4148 4145 4146 4147 4183 4184
4372 4371 4375 4376
4578 4577 4579 4580
5213 5212 5214 7110 5144 5145 10564
5568 5566 5567 5569 5760
5624 5623 10894 4083 4082 11083 10110 15125 15124 15126 4081 10109 15716 15441 15717
6014 3184 4781 6013 11422 4974 4971 4972 4973 12428 4998 3956 4997 14861 3955 10150 1887 1430 1427 1429 2574 13011 744 1428 3878 10600 13479 13478 13477 1604 905 1605 6372 5791 5790 5792 5793 10719 13048 13047 10491 2573 2572 3487 7647 461 463 4267 6760 8686 11242 462 838 16396 460 13649 13648 16047 7477 7476 10803 8584 11491 11490 6337 13200 14858 5831 5830 5833 5832 7653 7652 7654 7655 14254 11231 11232 11226 11234 11235 14257 14258 7656 8111 8112 8113 8114 15635 15638 12994 15636 15637 12993 7639 5371 5372 5373 6192 7223 13716 15529 15530 15531 15532 15533 16251 2235 15057 7052 9039 7053 8341 16589 16588 16262 16228 16230 16231 16229 9253 13410 13409 6300 7793 9590 7583 16039 1757 7582 1755 6005 6004 6006 16201 8456 8455 15896 8319 8318 1276 1277 2072 2070 2071 4101 584 1292 1373 2164 10392 583 585 1384 1423 3626 3952 3953 8583 10901 13983 14485 2163 7792 16522 9252 16523 1564 16199 10409 16475
6046 6045 1795 1794 1796 8191
6123 5244 6124 3733 5655 9819
6200 6198 6199 6201 9938 15912
6498 6467 6468 6465 6466 6536 15283
6588 6587 6589 6590
6701 6700 6702 9265 7764 7763 7765
7523 3020 16098 10661 10660
7535 7534 7536 16200
7642 7641 7643 14896
7754 7753 7755 15607 3960 3961
7954 7953 7955 7956
8046 8045 8047 11416
8094 8093 8095 8096
8847 8845 8846 8848 13850 13851 13852 16177
9267 9266 9268 14976 8218 11721 8219 8216 15584 15583 16525 16524 16526 11835 11834
9566 9565 9567 8967 8966
9583 9582 9584 9585
9600 9599 9601 9602
9628 9627 9629 11164
9757 9756 9758 7830 7829 7828
9823 9822 9824 9825
9956 9954 9955 9957 12759
10046 10045 10121 10044 16601 16600 16602
10133 10132 10134 10135
10170 10169 10171 9876 9875 9874
10182 10181 10401 13573 13575 13576 15843 13574 10072 10070 10071 16313 16314 16315 16316 16317
10338 7628 9764 6580 6579 16250 15402 4227 3629 3285 1964 12622 16108 14132 14131 9469 9468 4338 4336 10315 10314 7553 4337 9689 7552 12344 7551 7554 7460 7459 7461 576 578 1819 1818 13592 13190 9751 9750 8570 8569 8571 10838 4158 10837 577 1038 1049 4160 6105 6260 11204 12277 12308 16478 4159 4957 3528 4384 4383 4385 467 469 9899 11569 468 3151 6184 6058 6060 7116 8160 6059 7115 4090 173 174 5259 5260 5261 14393 14392 12894 663 12895 10228 10227 11114 664 15559 8492 8065 8064 6689 14372 12065 2227 195 197 5823 4143 15349 3408 3888 9186 9185 9187 9188 9189 9190 16711 16712 16713 6772 15695 11951 6771 11787 13986 196 14109 15937 15936 14526 11001 11000 11002 11003 11004 5163 5160 5161 5162 5164 8586 13650 5159 1291 1289 1290 2385 6627 7483 7484 7485 853 852 851 8320 12302 12301 8624 5811 9378 2655 2654 10411 10410 10412 1039 4070 5584 14739 14738 14740 2501 5030 9985 2099 2500 2686 3529 3607 3608 3806 4587 6503 7834 14527 15870 3805 5048 12996
10424 10423 10425 2779 7236
10795 10794 10796 10797
10911 10910 10912 10913 12593 12592 12594
10931 10930 10932 10933
10938 10937 11118 11119
11095 11093 11094 12777 14585 14586 14587
11193 11192 11194 11195
11201 11200 13524 13525
11685 11684 11686 11687
11767 11766 11768 7509 7508
11882 11881 11883 11884
11975 11974 6684 89 6626 10074
12167 12166 12168 12169
12227 12225 12226 12228 14884 14883
12334 12333 12335 12336
12353 12352 12354 12355
12855 12854 12856 5058 531 530 4252 10583 10582 13262 12615 12613 1748 360 361 1369 1673 1749 2462 2463 2476 3654 4714 7499 7500 12211 13875 13876 14744 12819 12818 12677 12817 1849 12575 12614 12676 1562 11067 3093 5165 12052 1535 1533 1534 4715 8842 10437 837 3534 2772 7751 14880 11217 12152 12151 12148 2043 2041 2042 2762 11932 11931 11871 6811 6810 6812 7145 7144 7146 7147 1966 2830 2831 7143 14366 16411 1302 452 9314 4017 2190 2523 8499 1737 1738 10048 5539 7928 2656 11013 1023 3219 1401 1400 451 13278 4844 9867 2201 14815 14814 2200 13445 1238 2202 2203 6562 6561 4861 450 2657 9621 2946 8222 8221 6535 6534 9365 6533 10536 14048 6047 3600 5540 13087 8203 819 11536 13665 7905 3025 3024 4444 532 9456 9619 9620 4259 4218 5937 5936 2074 2075 1857 1856 1859 1639 9654 9655 15970 15971 3866 3491 3493 4360 3492 4063 2081 4230 628 2392 2894 6204 9499 9500 14385 3594 3714 12339 13119 1858 5253 4438 368 6250 518 517 519 3786 4682 4683 9362 9363 13277 2082 6659 12174 12173 5272 7193 10956 10955 4583 4752 575 16024 16023 3451 356 355 8979 354 11923 8158 339 246 247 245 3329 353 352 472 471 545 2834 2819 10855 10854 16049 16723 14983 13157 13156 12983 12982 2275 2274 2236 5271 1540 180 6854 15698 4323 10848 10847 4442 10790 2974 16426 3274 2975 4324 9203 4322 4263 4256 4255 4254 4261 3205 181 179 6767 1625 16303 5642 3275 3273 14574 3272 4642 7098 15090 2225 6713 2352 8365 7557 2335 2331 2332 4951 7794 7795 5233 2330 13542 2097 2582 2581 12489 2107 2108 1593 1592 10749 8463 2106 3450 14869 14868 13500 13499 15711 15710 15712 15713 157 156 733 734 735 1815 11319 5590 5589 2396 2397 5450 5451 5452 6976 10869 158 2393 4084 14370 15708 1561 2073 4290 4705 7694 7700 16307 876 16331
12911 7630 11107 11163 2601 2596 2597 2598 2599 2600 4671 4672 5752 5753 5754 5773 5774 5775 5776 10820 10821 4698 4697 4699 4700 4701 4702 15687 15686 14577 14576 14578 14244 14243 14245 14246 14242 14566 14596 16071 9347 9346 14972 14970 14971 14973 16246 16247 16248 8915 8916 5896 5894 5895 5897 5898 5899 4589 4590 5769 15871 16253 13412 13411 13413 13414 13415 13416 13417 13830 13831 13832 13833 4449 512 5981 15197 9975 9974 3530 5771 4921 524 766 4922 16037 16036 5909 513 9966 3449 3447 3448 10730 10729 16390 16389 16391 16392 7376 11405 7374 14110 5167 7347 5922 5921 5923 5920 14014 14013 13519 7823 7822 8311 5945 257 3621 12422 7416 1780 1781 1827 3591 3592 4970 4986 6846 6847 6848 7375 7673 8789 8995 8996 9409 11152 11862 11863 13432 13761 15494 1756 4985 7672 8476 9873
12963 12962 7865 5825 5824 11676 11675 4060 6691 3287 12419 13467 582 581 1194 1193 1192 14454 12433 13453 1402 1403 14458 12859 15985 4930 12826 5518 5517 5519 4479 4556 15189 11842 11841 12896 11944 9555 4808 16105 9556 15967 15966 13159 13158 6379 6377 6378 13332 13331 13333 13334 2915 6293 6291 6292 6294 15875 15876 14208 4429 10668 13382 6724 3989 3990 12714 3988 6270 12318 2695 2693 2694 5523 13517 11854 13516 6765 5671 9514 2282 804 1245 3283 15947 805 1244 7704 5364 13495 5363 14307 14306 5901 5900 3091 1443 10533 5887 6764 7444 7443 16357 3942 5902 10659 11415 8 10804 2280 9094 11861 11860 3058 2950 2972 365 2096 15385 2095 10031 5070 5069 8869 8868 8424 6101 6099 6100 11215 13741 14443 15319 10900 8505 14512 6156 9633 8955 4142 6419 1816 1817 9320 16304 4333 4332 2029 2028 7318 207 1273 4855 11577 11576 1363 706 3176 6357 7561 5465 1924 661 15984 4867 14343 14342 5822 10246 10245 10247 14988 9393 6653 6654 6655 11814 16569 6505 6504 8116 6574 7302 6516 10063 10062 6515 14304 12619 12161 12160 7306 817 818 1120 12891 12890 12892 12893 822 821 823 824 825 826 827 5859 8990 1336 6311 2898 3080 3473 4342 5860 14215 15859 904 906 4262 4272 4958 5114 5115 14905 15674 170 914 7367 9016 12512 14171 14170 6432 1978 12744 11390 11389 5182 9368 6157 4382 10525 14648 4929 12523 12522 7139 6931 6930 6948 5282 16423 594 595 596 12006 12004 12005 12003 14049 11338 8902 1333 9415 8103 9414 7168 1307 3109 5739 10515 2076 3108 3139 8109 16645 3107 5735 5734 5740 5675 2121 2283 5733 6641 10125 13457 4350 4349 11363 11362 11364 4430 3870 4681 11084 3869 13911 13910 7272 7271 9304 9305 888 886 887 889 6499 6500 16382 16381 16383 4661 4660 363 362 2506 11952 9303 3801 5676 1595 15064 234 511 8695 9690 12554 12810 473 9729 9 9370 3463 3394 774 772 3310 4969 11725 3098 10857 6736 6737 4812 4814 6735 6949 10858 15988 1884 1883 3115 4106 15535 16472 16473 1126 1125 1839 2499 2810 9964 12276 13544 1123 4880 541 539 540 542 1332 6431 7214 8731 8860 9401 9402 10285 10772 13206 1331 7197 9520 12162 1137 1388 1389 4813 4845 4846 8314 8879 8880 9003 9050 11859 12071 12163 773 1124 2947 3324 3800 1310 3167 6402 7307 1309 475 3974 4944 5498 8453 9063 10196 11206 11308 14676 14687 15682
13004 13003 13005 13006 13720
13182 4418 12925 11214 11213 4420 980 979 978 12920 9884 9880 9885 9940 3815 6985 9879 12716 12671 10616 10618 10619 10620 10617 9939 15715 15714 14639 14638 14640 15386 7963 1910 4833 4832 7708 4419 4424 10190 10189 10191 6322 6321 4831 4830 2791 614 615 2792 613 2798 2797 4414 4415 4416 4417 9435 10859 11153 11154 5246 4425 4426 4427 5245 5247 5248 7850 7851 311 312 2591 4421 13960 13961 14802 16571 10033 10002 10006 7451 7452 10003 10004 10005 2799 12100 12101 12099 13868 13867 8269 8268 6269 1391 3992 7689 1976 1977 8635 8634 4131 4130 4129 10034 10032 7356 7357 2080 2078 4868 4869 8724 15392 1116 6609 8561 8765 1115 1117 2079 15683 15534 8949 14706 4260 8922 8950 11353 15305 767 4367 8924 10430 8923 9716 1014 5778 14234 14666 2198 12215 4595 1114 10035 2199 14069 820 1390 10408 15640 16235 6037
13256 13255 13257 13258 14407
13504 13503 13505 13506
13626 13625 13627 13628
13718 13717 13719 16438
13725 13724 13726 13312 13310 5964 11496 11494 11495 11497 11547 11548 11549 11550 11726 13870 13913 13914 13915 14010 14088 14089 14090 14091 16165 16166 16432 16433 16434 16479 11546 13869 13871 15858 8621 13170 13171 13172 13173 15949 15950 15951 16038 16412 16413 16414 16714 16715 16716 16717 16718 16719 8622 13396 8618 13395 13394 13397 13668 13666 8514 5508 5509 8593 401 6418 8515 13046 13045 16721 16720 11552 11551 13031 13032 15271 15267 15268 15269 15270 15272 16402 16403 11553 13667 10832 10829 10828 10830 10831 3392 11257 11259 11260 11261 11258 10815 2252 2251 6829 6828 12261 388 389 11819 2259 2248 2250 2254 2249 12010 12009 12011 9783 10608 10607 342 16468 9238 3138 9030 9029 2046 15280 15279 15281 16238 7838 7837 7839 7836 14551 2447 2446 9165 9164 1640 2448 6557 6556 10192 2615 2617 2618 2047 2616 1394 6433 13311
13991 13990 13992 13993
14204 14203 15725 14202 16221
14327 8823 10073 2565 4320 7415 8824 9162 15191 2566
14404 14403 14405 14406
14460 14459 14461 14462
14725 14724 14726 14727
14729 14728 14730 14731
14871 14424 14425 14426 14872 15901 15902 15903 15904 15905 15906 15907 15908
14991 14990 14992 14993
15179 15178 15180 15181
15289 15284 15290 15169 15168 15170 15288 15291 15292 15293 15363 15364
15313 15312 15314 15315
15399 15398 15400 15401
15580 15579 15581 3029 3028 11921 11920
15879 15878 15880 15881
15914 15913 15915 15916
16015 16014 16016 10712 10713
16080 16079 16081 11069 12389 11068
16581 16580 16582 16583
16611 16610 16612 16613
16646 9701 1519 7264 7263 7265 7266 16050 16052 16053 16054 11174 12728 16051 11173 10114 10113 10115 10116 10117 10118 10119 412 2336 411 408 409 410 1521 7705 7706 10413 11874 11875 11876 13556 13591 14895 855 857 5959 5958 5960 15956 5325 2466 5340 13873 13862 13874 15721 15722 15723 15738 15739 16415 3855 8256 8257 14222 7089 7090 8000 8254 11567 6630 7301 6773 6774 11499 14101 14100 9935 9933 9934 10702 10703 6988 5668 899 6695 6694 6697 11483 8744 8748 11482 8746 14932 10225 10224 10226 14095 14096 6696 870 867 868 869 4512 4513 4722 6722 7405 8747 9612 10141 10519 10520 10521 10522 10523 10524 11628 12287 12338 14062 14063 1337 1692 4348 4721 7063 8770 11324 12675 14962 757 148 2697 4054 2696 4828 4827 11598 11597 11599 11600 11601 16573 16572 16574 4826 13429 7817 1589 14580 7537 7538 7539 7540 7541 7542 7543 7544 8602 13651 13653 13654 13655 13652 6332 6328 6329 6330 6331 8287 11407 14408 6318 6325 6326 6327 16701 16702 16703 16704 16705 6604 1989 1991 1992 1993 2098 2100 2102 2718 6603 6605 6799 6800 6801 6839 6840 6841 6884 6885 6886 6888 6889 8140 8141 8142 8143 8144 8575 8576 8577 8578 8579 8580 9232 9233 9234 9972 9973 10882 10883 13290 13291 13292 13293 13294 13295 13743 14607 14608 14609 14610 14611 14612 14613 14614 14615 14616 14887 15326 15327 15328 15329 15330 15331 16239 16240 871 1588 1990 2717 16170 16171 4273 5944 7698 16567
225 224 226
306 305 307
325 324 326
422 421 423
588 586 587 590 589
1044 1043 1045 14963
1544 1543 1545
1682 1681 1683
1892 1890 1891 4562 7471 7472
2139 2137 2138 5808 5809 5810 13326 13325
2177 2176 2178
2357 2356 2358
2548 2547 2549
2613 2611 2612 3333 3912 3913
2796 2795 2794 7097
2881 2880 2882
3117 3116 3118
3212 3211 3213
3326 3325 3327
3471 3470 3472
3547 3546 3548
3554 3553 3555 12117 12116
3749 3748 3750
3763 3762 5064 3868 2211 6763 1439 2210 16120 16119 4821 4820 10244 7744 3423 8926 8504 8925 8927 1329 16217 16216 4763 4762 5933 5908 5907 4764 13521 13520 14650 14649 3604 3281 8344 8343 7190 7274 7275 7310 7309 4605 6678 1119 4229 4228 11995 2437 8212 8211 14431 14432 14433 14434 8210 6042 4313 345 347 1497 1498 4312 5049 9082 9699 15979 346 7715 7716 2938 2937 2856 547 546 16669 16149 16150 16151 10139 16148 10140 9533 6669 6668 6670 10019 10021 10022 10023 10020 263 264 265 1322 3633 5238 5669 6361 8371 13241 8322 10905 10904 10906 10907 10908 10909 7638 9317 12361 12293 12294 12362 12363 1048 8832 12292 5851 5850 1987 10084 7640 3431 3432 3433 3434 3435 3436 3437 6711 5130 1047 8616 9239 3843 3842 11481 11480 8028 7092 7091 7093 11397 7012 13338 14736 14737 13337 16575 3202 14232 1988 10562 10941 10940 1700 1392 1393 13418 14914 10549 10548 747 746 745 5208 7013 4838 4837 6910 15307 14683 16205 8816 15225 15226 15227 15222 15223 15224 4495 4494 4496 1081 1080 2184 2183 2185 5146 1626 61 6371 11807 2495 11808 2494 1168 16274 1832 10547 14398 10449 8568 14039 1963 1962 13909 13908 2872 2871 2279 1877 1878 4982 16680 1876 6990 4904 6143 16541 650 2278 9908 9907 6940 3927 6435 14498 14497 14499 115 1084 11514 11513 1490 3086 1489 6680 6679 11812 2205 2204 12437 6710 10043 1335 2298 5258 14953 777 1491 6709 7854 11005 11603 11959 11958 11960 11961 11962 11963 11964 2299 1633 2247 2809 7574 9004 15152 16046 3603 3602 3606 3605 3601 14723 5991 8791 11318 11317 7046 7045 6080 9151 9150 9152 1054 1053 1055 7913 106 107 108 109 110 111 112 681 702 1359 1360 1594 4928 5278 7725 9537 11302 11817 12106 12237 15316 15317 15487 16118 16116 16140 16138 16139 16163 16164 12041 7712 3732 3730 3731 6365 6366 6367 5543 5542 5544 6606 2424 653 2425 6607 2923 2924 579 12319 6358 3499 9167 9166 6458 5166 15026 15025 215 10464 14804 214 10463 8941 3209 1361 1170 12954 15750 832 1751 6521 7957 8119 10286 10929 11502 15096 16570 831 1752 5995 6532 6566 11329 1750 6565 7922 8057 8861 9127 10884 4963
3808 3807 5595 5596
3836 3835 3837 4588
3971 3970 3972
3983 3982 3984
3994 3993 3995
4001 4000 4002 5316
4057 4056 4058
4087 4086 4088
4187 4185 4186 13201
4318 4317 4319
4400 4399 4401
4554 4553 4555 8743 8742
4637 4636 4638
4707 4706 4708
4882 4881 4883
5007 5006 5005 10736
5020 5019 5021 7102 7101
5055 5054 2770 2987 2771 11053
5169 5168 2986 2985
5280 5279 9025 9024
5408 5406 5407 5563
5424 5422 5423 8081 8080 8082 8049 10345 8048
5561 5560 5562 8154
5575 5573 5574 16410 16409
5612 5610 5611 16395 8044 8043
5766 5765 5767
6065 6063 6064 15262
6226 6224 6225 6478
6384 4035 6385
6480 6479 11906
6743 6742 6741 14359
6795 6794 6796
6815 6814 6816
6831 6830 6832
7016 7015 1666 1665
7073 7072 7074
7118 7117 7119
7141 7140 7057 7056
7601 7600 1249 6522 1248
7758 7757 13493
7767 6487 6488 11702
7898 7897 7896 15558 14910 14909
7980 7979 7981
7989 7988 7904 10975 10974 10389
8002 8001 8003
8250 8249 8248 13298 13297
8390 8389 8391
8440 8439 8441
8465 8464 8466
8472 8471 6726 15309 15308 1216 1217
8534 8533 8535
8544 2140 2141 2142 2143
8566 8565 8567
8573 8572 4299 1252 4558 6363 6362 4967 4966 4965 14178 8682 2543 2542 7148 2049 3317 4240 11241 14560 14931 16350 730 729 10613 4345 4346 4347 4344 794 9995 2662 2663 2664 4658 13274 7418 11800 13275 7420 7419 8445 8019 7417 2887 2885 4220 2187 2886 14480 14479 13981 13980 7422 7421 7470 7469 12776 2186 3183 7624 15235 940 938 939 3343 4390 14484 14642 8964 8965 2833 2363 11350 11349 4811 4810 4809 14469 2559 2558 2557 11047 6228 2782 2783 4568 6229 7208 7209 7210 8494 11055 11391 4567 8493 13620 9295 13621 793
8716 8715 8717
8761 8760 15679 12383 12384 15680 15681 7100 13956 5639 14828 14011 6033 9515 9517 9516 6034 5638 7099 9725 7333 834 836 7261 835 14056 12246 12247 14057 12034 5482 11869 12033 14704 3644 6032 4388 3484 893 894 2733 3485 8323 11805 892 6187 6186 10641 10640 5749 8426 7693 13383 2977 2976 12867 12866 1468 4906 11167 3999 261 6768 14235 12375 12373 12374 7797 3099 3100 11740 15015 4435 4434 4436 4208 4207 6172 11519 1475 10130 1474 10690 10687 10688 10689 11645 11646 15011 15012 15013 1260 5173 6876 8487 3200 3199 5179 971 972 11783 11781 11782 11784 10213 12943 16099 16100 9201 10211 10212 13118 9017 4741 4742 6149 7961 15751 16184 16185 16533 16534 16535 16536 16537 16538 526 1934 1936 3101 4374 6147 6148 8004 6877 4203 4204 12093 8207 12299 8911 10681 10677 10678 10679 10680 10682 10683 10765 10766 10767 2372 1458 1459 1460 1461 1462 1463 1464 1465 1466 1467 1476 2371 2373 8870 8871 8872 8873 8874 12094 12095 12096 12097 12098 12391 12392 13314 13315 13316 13317 15157 15158 15159 15160 15161 15162 15163 15164 1028 2935 3862 3863 15019 12107 12108 12122 12123 12124 12125 12126 14536 14537 14538 14539 14540 2101 2907 8134 8619 9810 14085 14086 9763 13714 9197 14908 14907 14906 9199 14769 9630 9200 9198 9196 9195 13747 4740 11151 11150 2822 5605 2821 15455 15454 8675 8674 5405 5404 8685 7978 4994 12478 15642 2620 2619 4509 11091 11090 8978 14870 8475 8939 8938 400 11082 4439 8033 14313 14865
8819 8818 8820 3253 3254 1698 12679 9001 9002 12680 11594 10077 1294 424 1293 3497 4500 15155 15154 15156 10193 10194 8859 8542 8858 8882 12516 14904 1191 10612 9047 9048 12496 12495 13558 12248 9049 1969 1968 15078 15077 15079 15080 6856 6857 6859 6860 7611 7612 7613 7614 7615 7616 7617 217 15358 5057 6858 12718 12719 15359 5136 5135 5137 12572 16006 5493 5494 16658 9864 9862 9863 6996 13748 6995 2608 81 12448 13289 14967 16294 16293 1180 1179 1181 4604 15192 6631 3922 4603 9683 14733 10944 5492 6945 10086 10885
9224 9223 9225
9263 9262 9264
9270 9269 9271
9392 9349 9350 12775 11145
9540 9539 9541
9852 9851 14674
9857 9856 9858
9870 9869 9871
9889 6053 6052 3201
10101 10100 16668 951 15918 952
10152 10151 10153
10155 10154 10156
10165 10164 5419 5420
10185 10184 10186
10205 10204 10206
10235 10234 10236
10290 10289 10287 10288
10334 10333 10178 13276
10363 9012 9013 9014 9015
10397 10396 10398
10421 10419 10420 11347
10500 10499 10501
10551 10550 10552
10717 10716 5751 5750 10281
10890 10889 10891
10893 8563 5598 5597
10967 10966 10968
11014 7566 11015
11018 11017 11019
11045 11043 11044 16540 16484
11051 11050 11052
11064 11063 11065
11138 8988 11139
11254 11253 11255
11341 11340 11342
11358 11357 11359
11538 11537 11539
11630 11629 11631
11637 11636 5335 11440 13265 5334
11678 11677 11679
11681 11680 285 286
11693 11692 11694
11714 11713 7031 7032
11776 11775 11777
11795 11794 11796
11916 11915 11917
12002 12001 2002 2003 3790 3788 5459 5458 200 3789 8919 9313 9906 3174 2553 3173 7711 11418 9827 9828 11221 16203 9886 9887 11220 1131 13676 15780 15618 15617 13050 13049 2988 928 929 930 3535 11033 15199 927 6728 7462 3966 3015 4647 425 28 300 3229 299 6802 11 2120 2658 10298 10297 10299 10300 10301 10302 10303 10304 10305 10306 16145 2760 373 372 679 12595 14864 2550 15575 15574 7761 4280 7760 15536 4102 2223 11780 15295 15294 5705 1130 2551 2788 10357 2112 2111 2113 486 484 485 11689 3611 128 1159 7401 127 426 2867 6180 88 86 6020 11352 12633 8036 3486 87 7717 16010 16009 9529 7242 7241 12977 3346 6775 942 1256 1257 2759 3345 6456 8251 9293 16194 292 7004 8666 3908 3907 442 441 443 444 15729 15728 2849 2847 2848 2850 16587 4363 4365 4366 3906 4364 10337 5646 6798 6797 10511 1606 1608 3649 4428 4645 10512 16446 16445 16447 16448 10367 10366 10365 12210 11293 4397 8411 4396 12486 12485 16319 9534 13608 14414 3757 3755 3756 5807 7002 13967 5656 12688 13968 5116 5657 5658 12687 3614 12611 1265 5476 7394 12610 13753 5117 6175 6619 11219 14205 11249 1447 2114 2119 13489 550 919 920 1903 2884 358 943 3170 18 3300 13471 1399 1902 6758 7835 10704 11121 11939 12320 14117 11940
12128 12127 12129
12135 12134 2045 2044
12188 12187 12189
12435 12434 12436
12466 12465 12467
12473 12471 12472 14632
12480 12479 12481
12578 12577 12579
12736 12735 14743 14742 13708
12766 12765 12767
12834 12833 16697
12875 12874 12876
12898 12897 12899
12961 12960 7000 7001
12965 12964 12966
13008 13007 13009
13060 13059 13061
13111 11911 13112
13138 13137 5337 5336
13142 13140 13141 13143
13152 13151 1451 6486 1421 1419 13146 13145 1422 4497 6789 6963 4498 15954 15953 15955 5387 5386 5388 5426 5427 6139 7790 8303 11656 13538 14853 5066 5065 13895 10278 12054 1773 1774 9227 2374 4289 12976 15133 8304 8986 2239 144 8255 6448 6451 6452 14276 14277 6449 6450 8265 8266 13390 13502 3318 7346 13995 13994 13996 14070 14071 14072 3673 2491 2492 12913 662 7448 11446 11449 11323 11447 11448 11322 11445 9169 5876 9005 9007 9168 9170 2493 15466 9006 9008 9009 15467 15468 15469 15470 15489 15490 15491 1228 8594 12477 12476 9452 11306 7786 9451 11307 15462 15678 15737 15736 7581 5383 11101 9914 5380 5381 8299 11006 2629 8333 16648 8332 11832 10360 11831 10921 5184 5185 12606 10188 6070 10187 14753 10362 10361 15645 970 969 5375 308 3558 3557 3559 3556 8678 8677 8679 145 309 2238 6457 13817 7142 8452 3920 14845 3919 11265 11264 6538 6537 13928 7442 8817 9792 9791 9793 10781 10996 10995 14659 6182 5385 5384 5731 4482 4531 12396 4530 4529 3457 3858 6406 3848 3849 3850 5716 8147 13361 9937 3957 11398 931 272 7788 7787 5781 6642 5867 5866 5868 7824 7825 7966 8588 15240 6531 12072 756 6307 7527 796 4483 15998 9820 10664 3879 795 12438 5816 792 6957 15109 535 537 536 11489 14065 14064 3638 3085 3084 12290 12289 8531 8530 3636 3637 2434 4128 1945 3892 11436 11435 11437 11438 1674 1675 1863 7623 1944 900 1505 1506 1507 1508 5587 9388 1504 5056 7195 2614 3079 5187 7194 9081 14955 14954 5291 6916 5292 10255 9646 9670 10948 10949 10950 720 619 9330 9671 8489 3950 8490 8540 8541 8928 11172 13561 13560 3168 6161 12245 15564 15563 13344 13343 13345 13543 8478 6512 8477 8479 8480 380 3709 4757 13797 522 1689 1690 3711 3710 7262 3708 2007 2006 13828 2008 8163 4886 4805 4968 2602 2969 15375 10715 10714 3483 3482 3769 3768 4340 8648 8647 420 37 419 1011 1518 1619 2322 6961 7626 11498 12291 14383 14439 15113 12773 3671 3670 5806 5805 6707 3669 2433 10079 10779 14292 16183
13260 13259 13261
13280 3676 3677 3678 6039 7395 7396 7397 3675 16219 16218
13320 13319 13321
13423 13422 13424
13512 10207 13513
13554 13553 13555
13589 13588 13590
13606 13604 8739 8738 12915 2429 9439 9441 9443 9457 9464 9465 9920 11320 11321 12916 12940 12941 14785 15613 15614 16128 16129 7644 7645 9440 9442 865 228 229 230 864 866 3314 11280 227 15528 7153 7152 8388 14361 14362 14363 14364 14365 15771 15772 13605 14169 15527 10037 6970 6967 6968 6969 6971 7486 7487 5694 14591 7224 6569 14045 14043 14044 14046 3370 2910 2909 1709 9949 9948 9327 9326 9328 9329 15825 15823 15824 15826 15827 15828 16620 16621 16622 16623 9714 5692 16492 1156 1153 1154 1155 2839 2840 2841 2842 2843 2844 2845 4043 4044 5857 10339 10340 12501 12599 15356 15357 2838 3157 7959 9882 7840 7841 7958 7960 9881 9883 16281 16282 16283 6571 14438 12643 12644 9173 3823 4450 9172 9174 14734 3824 4451 1092 12426 12425 11892 11890 11891 11893 5954 233 12398 12397 15851 15849 7688 7687 10222 10218 10219 10220 10216 10217 15442 15436 13425 13426 12427 13244 13246 11182 13245 770 4591 10221 1542 2761 5693 6982 14951
13622 10453 11613 11612 13780 13779
13672 13671 13673
13751 13750 13752
13770 13769 9054 9053 11562 13899
13791 13790 13789 16471
13822 13821 13823
13898 13897 15348 11455 11454
13918 13917 13919
14074 14073 14075
14155 14154 14156
14164 14163 14165
14238 14237 7290 7291
14249 9916 14250
14261 14260 14262
14274 14273 14275
14288 14287 14289
14395 14394 14396 14523 14524
14464 14463 14465
14471 14470 14472
14542 14541 14543
14547 14546 10099 14548
14605 14604 14606
15017 15016 15018
15023 15022 15024
15035 15034 9990 9989
15066 15065 15067
15107 15106 15108
15115 15114 15116
15145 15144 15146
15176 15175 15177
15212 10168 10167 5546 5545 15103 15102 15104 15318 6233 323 7277 5615 5616 14176 8013 15172 15171 10374 10373 10375 10376 10377 10378 10379 15745 15744 15746 2087 1919 1918 15452 3865 14673 15048 15049 15050 15182 15183 15184 15193 1195 1196 13026 13027 14483 14672 12146 14118 14123 7404 14119 14120 14121 14122 4059 11878 11877 4309 4308 2914 2912 2913 5453 15672 2421 2420 2422 7403 77 76 12515 75 8713 8712 9084 6621 5648 5649 5650 6302 5647 14511 9705 3965 16192 16191 985 984 983 13745 833 12877 13781 14486 14487 14488 14489 14490 14645 14646 10752 10751 13186 13179 13181 13185 13202 13203 16174 10750 13180 15430 3864 4118 4116 4117 4119 8843 4120 2951 2952 4734 4735 2052 8800 1266 1268 16636 16635 16521 16520 13082 13081 5695 8694 12828 6477 9507 6947 9508 14135 9380 3518 3910 3517 3909 884 883 885 464 15367 4710 4711 4712 13252 4020 14437 14436 11971 8275 11747 11972 11973 182 184 1364 6942 7249 11746 14583 7287 183 8157 8651 10773 10774 12032 12035 12036 12037 1267 9398 9399 3227 5582 6193 11957 14153 14334 7364
15213 11354 4406 4581
15259 15258 15021 15020 7039 7038 12669 2667 2666 2668
15323 15322 15324
15346 15345 15347
15373 15372 15592
15549 3525 9674 9676 9677 9288 9675 6336 13351 13350 13352 9372 7591 9526 14924 3672 3785 12040 7990 7270 5015 4189 10513 3524 3945 4916 6779 6778 6780 7269 13134 13135 1417 1965 6215 7852 8841 8961 15872 1416 1418 7766 1424 1425 7683 11016 15969 9125 9124 15578 15577 6817 10700 6818 10814 3105 3104 11348 10976 11696 11695 12827 3751 9859 1889 1888 6221 287 288 3341 3342 6227 4632 3859 4631 4657 7164 7165 12043 4959 13362 11683 11682 937 1020 11339 13476 1480 6223 6222 1479 16519 14455 236 235 237 4266 9598 13978 7157 4095 4096 4097 16577 16576 16578 2787 10623 10622 6268 4098 8937 8936 8935 5219 8934 9538 9680 9103 9104 9105 9106 9107 9108 9381 9382 9681 3187 4593 7387 7389 7385 7386 7388 13921 13922 7384 3188 4114 7234 4113
15570 15569 15571
15602 15601 13016 13015 13017 13018 13019 13020 7728 10129 7923 16604 13943 7727 10984 6973 4962 4960 4961 8184 9634 6339 14513 14501 14500 5481 6493 6492 16135 13966 3361 13515 13514 5338 8617 11072 6338 11071 11061 11056 11057 11058 11062 13636 15961 16136 16210 10107 5102 5112 5113 5285 7585 8281 5077 5101 5267 7184 8126 8280 11026 5076 5103 15948 9770 9769 9771 5100 14875 2365 2364 2366 341 1687 8458 3958 3959 45 4563 11092 5241 5240 15809 572 751 4389 6347 14929 328 327 15853 15852 296 9163 14284 15869 12430 12429 12431 12432 10283 10282 10284 12857 3931 3929 3930 3932 5043 3297 3928 13188 13187 13189 13698 13696 12199 11996 12008 7856 7855 11334 8334 15252 15251 11367 11366 11368 9073 12300 13813 13814 13815 13816 11277 1911 4177 4180 4181 4182 6246 6247 7565 8145 8146 9276 11060 11236 14956 15604 15831 16048 16188 4178 4179 7246 8252 8253 9826 13765 13764 13766 13767 13768 14821 14822 14823 14824 4176 7679 13697 15365 11274 11272 11273 11275 11276 16568 10470 10471 10472 10775 14400 14401 14402 7589 7590 7678 4175 5975 9315
15819 15818 15820
15840 15839 15841
15945 15944 15946
15959 15958 15960
16004 16003 16005
16029 16028 3581 3580 3579 6066 16030 16017
16056 16055 16057
16090 16089 16091
16102 16101 16103
16159 16158 16123 16122
16227 16225 16226 16626
16359 16358 16360
16385 16384 16386
16419 16418 16420
16639 16638 16640
16660 16659 12084 16656 12323 12321 12085
16663 16662 16664
16673 16672 13462 13461
3 2 1237
186 185
322 321
446 445
704 703
719 718
1212 1211
1214 1213
1348 492 491
1372 1371
1446 1445
1450 1449
1532 85 84
1638 1637
1684 982 981
1736 1735
1740 1739
1759 1758
1873 1872
1882 1855
1898 1897
1900 1899
1905 1904
1921 1920
1984 1983 1986
2116 2115
2155 2154
2194 2193
2222 2221
2360 2359
2415 1140
2455 2454 8810 5277
2478 2477
2540 2539
2622 1127
2729 2728
2732 2731
2862 2861
2973 2412
3035 3034
3194 3193
3197 3196
3316 3315
3323 3322
3338 3337 6750
3340 1657 1656
3430 3429
3511 3510
3537 3536
3545 3544
3562 3561
3583 3582
3631 3630
3717 3716
3747 3746
3814 3507
3895 3894 10093
3964 3963
4192 4191
4298 4297
4316 4315
4357 3804 4358 11707 1754 13296 1305 31 1874 5504 7332 1263 16261 3489 13419 7114 740 739 16063 16062 12737 15650 9643 15673 14441 14440 14442 11607 11605 11608 11937 11936 5190 12198 9997 12196 12197 12563 12564 12590 13677 13678 14567 15973 11606 9364 3701 8122 8123 8124 8125 8127 8128 8129 8130 8131 8132 8133 9837 9838 10391 12462 12463 12532 12534 12535 12536 12562 13635 13694 13695 15253 15254 15255 15256 15257 5957 1440 1100 11070 15014 3092 3736 1187 1186 3309 3308 242 241 4476 743 742 10434 10432 10433 516 515 6739 8952 13660 9092 2676 9093 11563 11457 11456 11458 11459 11460 11461 11462 11463 11464 8418 5925 652 678 2764 5548 16300 16299 15775 15774 14579 3490 11466 11465 10798 11112 9417 708 1328 649 12652 1262 11278 12133 11197 11196 8903 1157 1340 1724 5755 5744 5743 5745 5742 7399 7400 10128 10692 211 209 210 10407 10405 10406 7846 7845 7847 15306 783 5025 4211 4210 4212 8506 15263 3735 3978 11402 13092 15264 15265 9210 9212 9213 9214 9211 2944 2941 2942 2943 9475 9477 9478 9479 9480 9481 13222 13223 13224 13225 13226 13227 13228 54 63 240 644 907 909 9476 908 9359 9356 9357 9358 9360 14147 14148 3981 3979 3980 4592 1118 1717 1712 1713 1714 1715 1716 1718 1719 1720 1721 2118 3010 4018 5178 6613 7304 7618 7619 8270 8558 9749 10473 11089 12792 12795 13402 13403 13404 14779 14780 208 873 1169 1264 1568 1711 2874 8306 9404 10364 874 875 6757 7775 479 3094 6628 10431 6438 3388 6439 6440 6441 6442 6443 6444 6445 6446 6447 6586 7284 8509 8510 8511 8512 8513 9242 11560 11561 12967 12968 12969 13205 13207 13208 13209 13210 13211 15657 15658 16405 16406 16407 781 1531 2438 2688 2692 3488 3977 4144 5083 5153 7584 9148 12629 14149 14564 14565 1811 11181 10400 2472 2473 2677 2678 2679 2680 2681 2682 2683 2689 2690 2691 4036 4037 4039 7660 7826 10809 10810 11976 11977 11978 13972 14521 14522 14636 16179 707 2675 4790 1230
4599 4598
4654 38 7926 7925 9913 9912 9229 7924 8056 8139 9228 16552 16551 15463 9735 15548 9379 9321 9322 15198 5229 5044 5881 5045 11742 10646 10645 13460 9511 9292 12743 16254 7467 7465 7466 2310 7276 2309 9115 1279 9204 6375 3590 16178 10747 10746 13494 3589 16147 16146 16633 16632 16634 15787 15785 15786 4302 2304 4303 15611 15610 4791 3584 4559 2883 101 3738 102 15003 15002 12186 2103 2104 2593 2592 3159 3158 7506 7505 7507 3143 3142 3064 1103 1104 3065 6407 6414 6415 7674 7675 8397 8805 8806 9300 9301 9971 10275 14994 9299 6003 6002 6001 6197 2468 4806 7162 15492 103 4889 4888 4890 6987 13638 13637 13639 13640 13641 1110 3816 3817 4704 2342 2343 2344 4743 4887 5320 5321 5322 1109 15854
4716 4548 9178 15537 3761 2575 10356 2207 2577 2978 2576 8980 12192 4600 8488 2949 4217 2458 12039 6036 6035 8957 10422 2355 15897 13330 10934 4692 2196 3597 1705 9987 9986 13958 2459 3967 2179 2180 8718 8720 8721 8722 8719 3258 3257 3259 3260 3261 3262 3263 3264 3265 3266 3267 3268 6656 2956 4518 4516 4517 4519 4520 4521 10011 10049 10050 10051 10052 10053 10054 10055 10183 11789 11790 11791 11792 12077 12865 12880 12881 1704 10012 14685 14686 9491 9490 13997 13999 14000 9489 13998 2516 16482 16483 8914 2460 2461 9660 1405 2514 2515 4674 4675 13427 10624 14977 14979 14980 4739 7478 14978 16173 16172 7815 4738 7814 15554 11758 4737 4736 4573 7458 8035 14416 4574 6185 15379 16356 16355 7007 6745 6747 6746 6425 6424 6426 5209 3617 3618 6941 6943 6944 1513 11806 114 113 12618 12617 8769 10001 8120 10000 15764 8055 8054 10137 6359 16207 16206 15355 7103 7105 15044 15043 13324 2744 709 4351 9652 9594 9644 14415 974 11649 11648 11650 11647 14643 14644 10585 15634 15633 7065 7064 677 676 660 10648 10647 10649 10651 7731 7730 7732 4641 12937 12555 975 12556 12879 11269 11267 11270 11271 11266 10250 10248 10249 10530 10531 6928 7106 7215 7218 7219 8536 8537 10846 15334 3442 7216 7217 8196 8195 8197 8198 8199 8200 4112 4111 7560 7559 8652 8655 8656 3017 697 695 696 698 699 700 701 856 1134 1135 1136 2287 2288 2289 2290 2291 2292 2888 2889 2890 3089 3090 3364 3365 3398 3443 3444 3619 3794 3987 4074 4075 4076 4077 5251 5252 5327 5328 5329 5330 5331 5439 5440 5462 5463 5464 5871 6127 6128 6129 6130 6131 6132 6133 6851 7104 7393 7578 7579 7580 8181 8182 8836 9091 9179 9180 9181 9182 9183 9184 9733 9734 9902 10667 10691 11251 11252 11520 11804 11956 12144 12145 12942 13204 13778 14106 14107 14108 14206 14657 14658 15188 16031 16032 16033 16034 16222 16223 16224 201 454 493 494 523 1612 3047 5303 5326 5434 6211 15081 15808 15972 12620 10808 4659 6310 8833 8837 117 8839 8835 8838 8834 4572 5174 12973
4748 4747
4769 4768
4801 4800 6576 6577 9215 7109 9216 5106 6578 8587 5105 3787 14641 5939 5940 14820 14819 5952 15964 15963 10563 3352 9159 9158 12670 7150 5947 7151 14259 9593 7260 13942 7259 7326 16455 16454 16453 15833 15832 10571 10570 15893 15892 14312 14311 12696 12694 12695 10778 9607 2244 1539 26 521 3030 15099 15098 15100 14291 14290 5969 7327 11330 12380 14429 3599 5516 645 9847 9846 9848 9849 5301 647 646 648 762 1954 1955 2192 2428 4099 4634 5294 5919 9361 11376 12521 520 14799 14798 14800 14801 9294 1380 11970 11870 14921 7377 4511 178 8680 11203 2684 11025 4507 9416 933 932 15861 16641 8442 8097 16429 14568 7510 3523 1747 9926 11108 16427 13571 79 14927 5086 5085 5084 9591 3943 562 4354 12185 14881 1050 14368 14805 16072 2285 2284 2286 5719 1943 4300 4301 1942 10402 4608 4703 5302 14028 2300 3125 3936 9909 11211 12667 13428 3235 2296 2297 3236 3622 8929 8930 8931 8932 8933 16461 2715 2713 2714 2716 4688 8008 8009 2281 9721 9720 9722 7021 7020 7022 7023 7019 12518 4502 4501 4504 4505 1925 5983 7037 11655 9923 4019 1253 11168 3124 1801 1800 4897 4896 4900 4895 15112 1799 11969 15173 4766 4765 4767 2452 9040 14029 2432 2431 4945 5815 13579 4779 11442 11441 11543 7798 12051 4980 7740 14137 13932 4754 10343 4780 12771 2435 4550 4549 3783 5038 5039 5040 3784 14161 8689 14162 898 4508 8688 12073 14825 11968 11967 11117 11116 14716 6601 882 968 967 11142 11141 11143 683 3404 3403 3405 682 3566 2334 2333 7009 7008 6938 6937 3096 3095 3650 8585 10584 11823 11822 11824 8498 8497 6901 6900 6902 9246 9245 9371 1281 16647 12387 3046 12388 12402 3249 3248 9458 4286 10313 11337 9453 9454 10518 9950 12351 12150 12149 10936 4287 8305 10718 10935 5202 5201 3737 13563 1618 12483 12482 12484 3542 3543 10350 10349 10351 10352 3389 2362 2361 10739 10738 10740 10741 10742 10743 5072 5073 15196 2789 3008 1101 6972 11743 3247 14191 2206 8754 8753 3948 3947 2945 6027 8407 16002 3645 13253 741 543 7435 3377 12791 12787 12788 12789 12790 14732 13387 13386 3076 3077 9704 9703 16375 13014 1435 1434 4662 2426 3351 3189 2169 2171 3216 3217 3218 5376 5787 5852 3369 16131 16130 16132 10899 11755 4884 10898 10897 2170 6629 12690 6553 6552 6688 2077 6551 13705 193 194 4621 10662 5289 7593 7594 12974 1960 3067 9408 78 4885 6162 11764 15496 3462
4823 4822
4835 4834
4914 4913
4934 4370 6784 6783
4989 4988
4991 4990
4993 4992 7230
5004 5003
5011 5010
5140 5139
5216 5215 5547 12212
5228 5227
5315 5314
5369 5368
5396 5395
5397 4564
5414 5413
5425 1138
5461 5460
5469 5468
5532 5531
5534 5533
5557 5556
5570 5467 10009
5617 1834 6744 3295 3294 1833 11754 5078 5080 3302 3304 3305 16661 3301 3303 5079 5994 15784 3293 2512 14702 14701 14703 14700 15380 14941 16152 14940 11625 11624 11626 11627 10843 11110 11109 16035 14555 14556 14557 14558 14559 16186 16187 11111 12260 14554 16045 8121 12257 12258 104 7709 5353 5354 5355 5356 5357 5358 7710 5352 6981 14332 7342 11582 11749 11750 11751 11752 12044 12045 12259 12310 12349 12350 13872 14968 14969 15631 13710 13709 1341
5687 5670
5713 1591 9766 9765 9767 9377 5667 2857 2858 4879 2197 12631 12630 12632 5717 5718 7054 15435 9032 8118 12221 12220 13398 13891 13890 13892 13893 6699 6698 9727 9726 9728 11756 9445 6583 3053 15377 15376 15378 13024 13023 13025 13371 13370 13372 8104 8105 15518 6584 9657 9656 9658 13615 5511 9625 13089 13616 13617 3799 14223 3795 14224 14225 13580 11986 13581 13582 13583 13584 11985 12955 12946 12947 12948 12949 11660 14757 11988 15300 15299 15298 15297 15296 11987 11990 11989 6989 2712 7365 10341 16421 1318 11748 6611 6610 7682 11652 11651 11654 1000 999 1001 2855 385 384 386 4898 7734 7735 7736 7737 7738 11653 13792 13793 13794 5580 5576 5578 5579 5581 6459 7849 8032 10665 11294 12459 12460 5577 8707 8705 8706 8708 8703 8704 15980 8481 13855 15981 15982 15983 6960 6958 6959 11856 11857 11858 14592 15332 15781 387 11855 13080 15321 14595 5538 14593 14594 5535 5536 5537 9684 3796 2902 2899 2900 2901 2903 2904 2905 2906 3376 4093 5506 5507 6285 6286 6287 6288 6289 6290 6591 6592 6593 6594 7546 7866 8005 8006 8007 9147 9446 11611 11984 12193 12194 12559 12722 12723 12724 12725 13078 13079 13131 13377 13378 13379 13902 14104 14105 14697 14986 14987 14995 1002 1278 11983 11991 12458 16593 16481 16480 2793 8827 11741 12102 16302
5786 1865 1864
5798 5797
5814 5813
5854 5853 8060
5893 5892
5974 5973
5980 5979
6012 6011
6016 6015
6031 5417
6151 6150
6203 6202
6214 1275
6230 959 6232 13490
6272 6271
6274 6273
6491 2570
6542 6541
6837 6836
6906 6662 6661
7036 7035
7049 7048
7051 7050
7055 5143 8825 12678
7062 7061 13742 11209 11208 11210 16477 10827
7076 2083
7108 7107 7658 7657 15801
7113 7112
7240 7239
7244 7243
7248 7247
7252 7251
7254 7253
7297 7296
7407 7406 364 4125 12689 1010 1009 8238 6484 6483 16531 11369 5393 5394 7771 7772 14917 14916 14918 2685 11887 11886 10455 10454 10456 14140 14139 14141 10480 12087 12086 4728 4724 4725 4726 4727 4744 4745 4746 7432 7433 7434 7691 10296 11024 11733 2835 4723 7285 4296 4294 4293 16345 16344 10466 10465 2302 2301 10261 6636 5870 5869 9530 6506 5437 5436 5438 3393 1691 3390 3391 8282 8283 8284 8288 8289 8290 16608 16607 13249 13247 13248 13250 15072 15073 9284 9285 9915 9981 12240 12241 14078 9980 9982 6511 6510 2625 6513 6408 6411 6412 6409 6136 1107 1108 4664 6135 6137 10951 10952 10953 14745 14746 1106 3779 4094 12596 3777 3778 5067 12262 3683 1695 1694 1696 1697 9235 9236 9237 1693 4447 4778 10481 6055 6056 7334 10482 10483 10484 1812 14833 14832 14834 14835 14836 14837 14838 5154 10179 11836 8335 3900 3901 3902 3903 3904 4049 4050 4848 4849 4850 4851 4852 4853 5110 5122 5123 5127 5128 5129 5158 5428 5429 5430 6252 6253 6254 6255 6410 7609 7610 7634 7748 8213 9983 11007 11136 11670 12088 12089 13472 13473 13634 14330 15186 15543 15544 5109 7286 11669 14816 14817 14818 15501 15502 15503 15513 2727 4295 5152 5108 6103 7690 4673 5111 14129 14130 14667
7412 7411
7446 7445
7572 7571 7573
7597 7596
7606 7605
7877 7876
7906 7899
7910 7909 13313
7970 7969
7974 7973
7977 7976
7992 7991
7997 7996
7999 7998
8011 8010
8059 7413 14669 14668 15709 8629 8628 8030 6417 6416 6146 6144 6145 2465 2464 4571 4569 4570 5183 6496 6497 8412 2237 14391 13567 13566 7796 5306 5304 5305 8293 9348 11659 5849 5848 5365 2234 4478 5138 15675 7088 7087 10989 10987 10988 10990 10986 9243 15507 15506 15505 7086 10095 10094 16394 16318 11704 10096 11703 4171 4168 4169 4170 4172 4173 4174 11668 2724 2726 10532 11190 2725 15883 12103 12104 15884 16144 16456 16457 16458 13982 9616 9306 11930 9307 5725 5724 12252 15433 15432 11386 2411 9898 10543 10544 10545 10546 12266 12268 15382 15383 4917 6573 12267 13071 13070 13072 13073 12533 16439 16441 16442 16443 5281 16440 2149 2148 2150 9068 9069 9070 9551 11439 11894 14255 14450 14581 232 255 2763 8532 9066 9067 16096 16097 656
8079 2510 2509
8152 8149 15460 379 5204 14194 13076 13075 13077 7869 7868 7870 7871 7872 5374 5927 5934 5929 5931 5930 5926 5928 4749 1970 5249 10259 10258 16022 14271 14270 10260 11471 5986 5988 5989 11472 2852 5985 5987 12263 8242 8241 7516 1280 9910 8907 8908 9471 6117 4343 1515 1514 9202 12115 16553 12307 8989 8942 4140 1510 14412 14411 3454 3452 3453 1509 5768 2338 2337 2339 5027 5028 6400 9626 6116 12794 4352 4353 4141 6935 2474 2475 4596 4639 6106 6936 14421 14423 16555 14413 14422 7129 391 392 393 394 395 396 430 6703 6704 6705 7298 10805 14360 15538 15539 83 268 390 2873 3812 8379 10064 13129 13559 14839 14152 14151 14150 2317 10561 2316 16637 12224 13878 2863 4163 4162 11228 11227 11229 11230 9839 7163 761 9979 11469 9648 9647 859 858 68 67 14115 14589 14588 14590 4073 7299 2720 3819 1860 6107 1075 10368 8224 8223 11811 5036 11724 8610 11772 529 528 2632 1971 2630 2631 2633 2634 6712 16255 7929 1349 1351 2730 4025 7665 7666 7930 10479 10696 10697 10698 1350 5803 5802 8627 3772 3774 3773 13044 151 152 153 3613 9850 10540 14294 14293 14321 14323 14324 4815 14322 5641 4901 481 1765 1766 1767 1768 3627 3628 5640 8766 8767 11982 15873 15874 11423 7078 13569 13568 13570 829 4213 12851 2538 5416 5415 15236 7982 1190 5392 6729 11722 10916 10917 11355 12836 2443 2442 2441 5835 5226 5225 16557 16556 16558 16559 16560 16561 16562 16563 16564 3088 13955 13133 830 3087 8508 1105 13941 15845 9074 5378 5377 15457 5053 7425 15458 7424 12271 12270 497 496 8215 3330 7132 7156 8214 8658 12202 5761 432 433 828 1232 1631 2159 2786 4200 4759 7927 10416 11122 11162 13755 431 1231 2157 2158 4758 10047 30 12772 495 1732 3873 9345 267 3066 3818 3874 4065 5741 6984 16603 2403
8168 8167 15304
8226 8225
8227 2961 8890 11953 16532 10166 3344 1152 10176
8230 8229
8234 7827 15699
8247 8246
8292 7402
8310 8309
8348 8347
8496 8495
8525 8524
8596 8595 10965
8615 3632 9697 12984 13340 13339 8969 8968 5232 5231 659 657 658 691 986 2094 4209 9156 13342 13114 4532 3973 957 956 8228 2784 3348 3347 3349 7685 7684 7686 6787 637 635 636 1596 1597 5874 7154 8669 8670 8963 3550 3552 6786 6785 6788 169 168 1324 5071 1323 8546 15443 5672 5674 10666 5673 11049 11048 3006 3005 605 3004 8962 10735 12046 12047 1200 1198 3549 961 960 1201 603 9731 9730 601 602 604 1671 7756 16682 16681 13318 12950 5938 8883 12951 15656 14797 14796 1247 1074 2230 2231 15139 15138 5565 5564 2110 1672 5223 4995 4996 15233 5037 1613 1616 6953 7436 7598 8339 8521 8522 8523 15464 1615 1614 5588 11757 1199 12118 3539 3540 3541 4188 4819 14467 14468 15910 15909 15911 9564 8349 9563 10737 5613 10158 15888 15887 15551 15550 14693 3373 3375 8821 14752 3374 6999 6872 6998 5063 4135 8876 1569 4620 7028 9673 10763 12835 6189 5878 8177 6256 11769 11763 11770 11771 5879 8520 8852 14637 8519 3760 3759 6079 7278 3355 12413 11545 11544 13587 3354 8409 8408 13022 2701 2533 3191 5836 1661 4565 6525 1660 8901 8900 7229 7522 10276 12513
8664 8663
8788 8787
8913 8912 13511
8959 8958
8971 8970
8973 8972
8984 8983
9042 9041
9046 9045
9249 9248
9251 9250
9260 7479 5799
9290 9289
9325 9324
9374 9373 9513 16649 15975 15974 15719 15718 15720 16021 15354 15353 12181 12180 9337 9336 1578 1071 10025 10024 10026 439 437 438 440 3771 6142 8029 10332 12451 12452 12686 2440 7308 9604 9603 9605 9467 9466 9866 9459 9486 12748 12746 12747 12749 16543 16544 3255 9089 14694 9653 1959 8786 212 9090 15428 15427 15429 15393 13107 2400 2401 2402 3129 11515 13464 2399 3256 5630 7759 6673 13498 10201 6672 11207 15917 10762 10761 1655 1653 1654 10997 13488 600 599 11910 2530 2528 2529 2537 6057 1334 6685 6213 8822 3220 580 4257 11128 4680 3141 2569 6991 642 641
9420 9419
9438 6756 6544
9463 9462
9570 9569
9572 9571
9587 9586
9592 2051 2050
9611 9610
9651 9650
9669 9668
9679 9678
9686 9685
9687 854
9692 9691
9724 9369 10593
9781 9780
9784 9778
9821 6030
9853 9254
9978 9977
9994 9993
9999 9998 12488 12491
10060 10059
10083 10082
10085 9589 9588
10131 10108
10203 10202
10210 10209
10279 6550
10310 10309
10312 10311
10428 10427 13624 13623 12415 12414 7752 3001 2999 3000 13800 13799 14496 12987 12986 13522 11042 11041 11818 10539 3474 3475 5609 5608 1651 1649 1650 1652 6007 6008 10233 13144 15206 15207 3660 12238 6316 6317 6341 6342 6343 6344 6345 6348 6349 6350 6351 6835 12053 12985 13388 14811 14964 14965 14966 2513 6315 6373 6374 9785 5008 3476 3477 5009 6813 6615 9698 8457 3969 3968 14477 4190 9405 9057 303 304 1306 3186 3793 4022 4391 4392 9969 12806 12995 8232 3498 8231 8233 7947 7944 7945 7946 7948 7949 11166 11765 13191 13192 7943 14052 14051 14053 14256 3512 12526 7256 7255 7784 65 7480 7482 1481 332 330 331 333 7777 7778 329 15603 12179 7280 15234 1579 3661 14877 14876 13485 64 66 7281 4021 7481 8734 12649
10444 10443
10493 10492
10529 10528
10538 10537
10542 10541
10626 10625
10701 8373 8374 8375 14684
10706 10705
10721 10720 16651
10724 10723 16018
10734 10733
10745 10744
10903 10902
10946 10945
10960 10959
10964 10963 11034 8148 14453 7336 14493 14492 5715 6514 6370 3831 3832 12175 2053 10057 10395 9222 9221 6084 4243 6083 10638 14850 4242 12730 12729 7951 7950 5526 5524 5525 15922 2014 15899 15898 15900 1742 7231 5239 8372 9615 9614 6997 7695 12975 6992 3532 5218 3533 2161 2160 2162 3177 9247 1553 3791 3531 3692 3691 15567 15566 3693 9492 15587 7464 7463 13801 4547 274 273 275 276 1745 4121 5206 6932 14199 4123 4122 14 12 13 7454 3739 3741 7289 12858 4269 4268 4270 4271 5342 15943 3740 8794 8793 8975 8974 15210 8667 9532 9144 4617 4618 2640 11233 9779 14849 3521 3522 12385 15260 15261 2641 11113 6595 6596 3596 6719 6718 6721 12136 5001 4999 5000 5002 5403 6176 7567 7858 9413 9649 11879 11880 11965 11966 13548 15702 3284 3998 6720 4115 10103 10102 10104 6354 6356 6355 6353 15940 2092 15662 15661 9845 9844 8151 8150 8631 8630 11873 6208 13193 2671 2669 2670 2672 2673 2674 1880 1879 3997 7993 8337 8659 8660 10075 10076 11816 12474 8336 6453 6320 6776 11865 11864 11866 14371 11506 9888 16507 16506 12490 10610 10609 4825 3190 4080 4760 4761 5411 5412 5410 15374 655 5764 3712 2820 4679 1046 1620 10277 11250 6883 4528 5621 5688 10836 3289 3288 7783 3239 3240 2853 1029 2699 5157 15987 11031 11032 16202 15478 15477 11030 16606 1825 3713 12079 12078 5984 631 632 3055 4231 4258 4979 7627 11699 8220 277 763 4222 280 4221 5382 5549 6097 278 279 764 5324 6933 15190 1741 5466 8031 10556 15730 878 7577
11023 11022
11284 2781 2780
11344 11343
11361 11360
11404 11403
11451 11450
11453 11452
11478 11477
11500 9367 9366
11505 11504
11566 11565
11580 11579
11634 11633
11658 11657
11672 11671
11691 11690
11698 11697
11701 11700
11706 11705
11738 11737
11761 11760
11803 11802
11844 11843
11850 11849
11872 5254
11889 11888
11928 11927
11929 2243
11955 281
12007 5703 5702
12013 12012
12120 310 15696 7426 3367 12424 3366 10291 10292 12449 7649 2021 2020 13924 13923 2019 14143 14142 14144 9448 1869 7227 1356 2482 2483 2484 4314 6523 6524 7226 7228 7348 9352 10799 10853 11813 12217 340 555 8183 3685 2896 11979 9274 9273 9071 8762 9275 12475 199 2851 1753 12233 716 713 714 715 3905 5207 8021 13585 9568 4854 4224 2012 2165 2224 5290 8921 6692 7300 10415 10414 14124 14126 14127 14125 15362 7604 6693 12157 3612 13175 13706 3245 3243 3244 12710 8654 8653 15062 10149 10148 131 130 132 2897 11665 9065 7513 7512 7514 7515 4046 13894 13749 1909 7005 10180 1908 7006 8976 8179 8178 1779 1777 16059 8312 8313 3424 3425 16258 16257 3829 15061 15060 14928 6469 14631 2315 10927 10926 5276 9036 9035 7431 7430 6018 5062 1871 1870 13701 13700 13702 5269 5268 4265 14216 15407 15405 15406 15499 10876 11735 12183 9893 9894 10007 10010 11345 12184 8997 1410 3362 4755 6983 8998 4635 5263 5262 5264 5265 1058 15705 15707 7680 15706 12945 14373 14375 14376 14377 14374 7883 12752 12754 12755 12753 4153 4151 4152 4154 4155 4156 4461 4462 4463 4464 4465 4466 4467 4468 4469 6826 8185 9407 10800 11896 11897 11898 11899 11900 11901 12408 12409 15733 15734 16068 16069 16070 16597 16598 133 666 4709 6825 6827 7681 9406 9622 9672 11666 12627 12628 13304 13306 13307 13308 13309 12147 13305 2016 1866 1867 2017 2018 6761 6762 12655 12654 12656 12657 12658 12659 12660 12661 12681 12682 12683 8180 11346 12653 3181 1627 1530 16134 1529 14272 12400 10671 13723 13722 13721 12216 10670 13360 10669 574 13854 573 3915 4490 6265 4489 1981 2391 73 13376 10686 10685 10943 10942 7843 202 10684 9034 1778 36 14227 10812 1516 5559 5351 3152 3890 2228 2229 863 710 712 711 12914 1404 1769 198 74 1057 11202 1056 2011 8592 13674 8364 8363 8362 12972 10461 10460 10458 10457 10344 7524 1528 1527 5682 5684 5683 14563 11149 3180 9554 9553 8947 3178 3179 10565 10567 10568 10569 685 10566 10560 10559 1634 1636 12980 12979 1635 671 672 8037 3825 2004 2191 673 6887 3350 3827 3826 3828 15250 5804 2329 2580 3137 4157 1234 4047 4071 10928 262 3754 3860 6134 6481 3753 3861 903 901 902 1235 2644 3368 3820 5446 9044 11268 11736 15553 58 5712 7160
12165 12164
12177 1979
12191 12190
12239 4422
12243 12242
12274 12273
12297 12296
12346 12345
12377 12376
12379 12378
12382 12381
12395 12394 13279
12598 12597
12608 12607
12624 12623
12751 12750
12796 2151
12839 12838
12888 12887
12918 12917
12921 10517
12939 12938
12971 12970
12990 12989
12992 8557
13013 13012
13034 13033
13091 13090
13098 13097
13124 13123
13148 13147
13155 13154
13162 13161
13217 13216
13221 13220
13234 8302
13243 13242
13263 10380 9919
13328 13327
13336 13335
13375 13374
13421 13420
13443 7011 7010
13465 13365
13484 13483
13487 13486
13497 13496
13595 13594
13712 13711
13731 13730
13736 13735
13740 13739
13760 13759
13802 9562
13805 13804
13808 13807
13810 13809
13820 13819
13864 13863
13989 13988
14042 14041
14081 14080
14114 14113
14116 13501 15632
14173 14172
14175 14174
14188 14187
14210 14209
14212 14211
14214 14213
14248 14247
14253 14252
14326 14325
14457 14456
14474 4199
14482 14481
14495 14494
14545 14544
14550 14549
14553 14552
14562 14561
14623 12182
14630 14629
14652 14651
14756 14755
14784 14783
14860 14859
14867 14866
14879 14878
14886 14885
14920 14852 14851
14948 14947
14982 14981
15009 15008
15028 15027
15085 15084
15101 3363 10693 11285 3225 3226 12042 14160 15087 15086 15088 15089 12731 403 402 3643 4310 1517 8377 8376 1089 1085 1086 1087 1088 1090 8382 8383 8384 8385 8386 8387 890 14333 4666 4667 4668 4669 9031 12023 11370 11392 12022 13452 4717 13450 13451 5968 10111 5966 6266 7024 10112 5967 4124 16064 11587 11588 11589 11590 11591 11592 8898 16290 16289 8899 13168 13167 13169 7331 4012 12816 12815 12720 2430 9970 13062 6844 6842 6843 15735 11189 11188 1821 9900 5706 5707 4024 5708 7409 16450 16449 16451 16452 5885 5883 5884 5886 4615 4614 15301 7699 10985 15249 121 125 126 122 123 124 10653 10652 10654 10656 15838 15848 9019 9018 9020 9021 9022 9023 15514 15515 6782 1379 10886 5119 5118 5120 5193 5194 5195 5200 13194 15812 15813 377 4011 4311 15394 1376 1378 13470 7126 7128 7127 7121 9624 9623 7124 14661 14660 7123 7125 7120 5198 5197 5192 5191 1949 11100 11099 8863 8862 1377 10983 10348 9342 9341 1947 12869 12868 1375 11176 16298 9058 12793 5255 13301 13300 13299 9060 9636 9635 9061 9059 2068 6882 6602 5256 3042 11316 15465 15447 15446 15445 15444 15510 15509 12820 9744 13664 13663 13662 10655 9743 11315 11314 11313 7372 7371 9742 8917 7025 6191 15765 13434 13433 4023 6190 5726 3041 3040 3039 5963 7250 5828 5872 16256 16109 10252 10251 5636 5637 5635 5634 5633 5632 4756 3598 3038 3037 5962 5961 3036 2069 800 4395 1793 4690 2609 7122 9344
15120 15119
15123 15122
15141 15140
15150 15149
15167 5972 5971
15211 2354 2353
15238 15237
15340 5177 5176
15370 15369
15438 15437
15498 15497
15547 8646 16193
15586 15585 15608
15589 15588
15644 15643
15689 15688
15742 15741
15791 15790
15822 8285 3527 9944 9943 10961 9331 9332 9333 9334 9335 9617 9618 10962 2175 2875 6188 8038 8040 9945 11516 11517 8039 11295 11297 7938 11296 10069 5924 10066 11564 12568 10068 10067 6923 6922 1520 13466 14582 16422 3809 10792 10793 436 434 435 3384 7662 7661 5442 4653 5441 5443 7528 10208 14099 1985 7292 3427 768 1558 3428 5059 16336 5 1556 7891 4132 4133 1980 3810 5777 12019 1837 1836 1838 7914 3811 6706 12672 11263 11262 1006 3221 1005 1927 2436 9922 9921 12560 5996 5998 12561 4327 4325 4326 7066 10452 9259 816 815 1415 814 4064 16104 12487 9861 9860 1997 1996 12591 5474 11501 5782 5917 2467 5903
15890 15889
15891 2911 1537 1536 375 912 374 376 911 14183 2450 2449
15895 15894
15921 15920
16061 16060
16085 16084
16107 16106
16111 16110
16125 16124
16169 12070
16190 16189
16196 16195
16198 16197
16213 16212
16292 16291
16306 14430
16335 16334
16378 16377
16404 10146 10136 15476 4542 13436 13435 12811 10534 12821 3625 3639 3640 6436 8736 9718 2746 12808 12807 1929 1928 10849 4678 12742 2318 7338 7575 7576 10215 13729 16609 16615 1668 1669 8905 16133 5343 5344 6807 9911 10878 16067 16259 4546 3023 3022 8878 3021 5618 15748 15361 4239 13905 13904 13906 13907 10817 10818 16012 16011 16013 13564 10318 10316 10317 10319 10346 10347 12760 13973 16683 16684 848 10175 10173 10172 10174 15590 15591 11554 2719 4045 15232 15231 12841 12840 12626 9444 12049 12050 15939 16630 6648 2953 2954 2963 2964 6649 16490 16488 9782 11596 11595 10138 10441 10440 10442 9798 9795 9796 9797 9799 14711 14713 14714 14715 14712 13281 13283 13284 13285 6153 13282 13356 149 150 847 849 1040 1041 1042 1365 1366 2521 3414 3889 4622 4623 4624 4625 4626 4630 5339 5350 6152 7875 8893 8894 8895 8896 8897 11479 12842 13040 13366 13367 13368 13369 13707 14915 16545 16546 16547 16548 16549 16678 16724 16725 16726 7453 16489 4677 6297 6298 6717 7311 488 5821
16417 16416
16470 16469
16510 16509
16513 16512
16518 16517
16528 16527
16530 16529
16550 16542
16566 16565
16579 15783
16599 16516 16515
16619 3872
16629 16628
16691 16690
16696 16695
16710 16709
10
29
34
100
143
161
243
266
282
404
538
548
571
593
627
634
667
750
797
850
1197
1202
1215
1251
1362
1426
1436
1448
1496
1538
1550
1572
1610
1677
1685
1686
1901
1935
2093
2109
2220
2242
2265
2341
2486
2594
2595
2661
2702
2734
2754
2773
2790
2803
2811
2817
2846
2936
2966
2996
3002
3009
3054
3078
3083
3140
3192
3210
3233
3246
3286
3311
3328
3332
3339
3426
3441
3456
3538
3563
3573
3588
3595
3634
3653
3666
3728
3752
3758
3776
3780
3830
3867
3911
3946
3951
3954
4030
4072
4161
4219
4328
4393
4394
4398
4402
4448
4458
4552
4560
4566
4582
4601
4750
4824
4836
4892
4923
4952
4987
5023
5186
5220
5224
5250
5349
5361
5370
5379
5391
5402
5472
5614
5619
5620
5772
5796
5800
5801
5812
5817
6017
6049
6068
6219
6231
6235
6237
6304
6312
6437
6622
6690
6725
6727
6732
6755
6759
6852
6914
6919
6921
6946
6966
6977
7003
7014
7067
7085
7167
7191
7237
7238
7258
7273
7288
7330
7337
7468
7526
7592
7599
7648
7668
7707
7713
7714
7739
7741
7743
7773
7779
7820
7821
7911
7964
7972
7994
7995
8098
8110
8189
8209
8264
8321
8444
8460
8462
8467
8501
8543
8626
8632
8657
8661
8668
8672
8673
8723
8792
8831
8875
8877
8884
8977
8987
9028
9072
9109
9191
9255
9261
9283
9316
9376
9400
9403
9485
9531
9561
9577
9606
9702
9715
9719
9794
9809
9868
9872
9905
9965
9992
10041
10065
10080
10087
10157
10163
10177
10214
10229
10273
10359
10390
10418
10435
10447
10462
10497
10598
10643
10722
10754
10756
10760
10806
10822
10875
10999
11066
11120
11144
11351
11356
11365
11409
11410
11484
11487
11509
11532
11541
11688
11715
11779
11786
11801
11867
11912
11926
11933
11938
12000
12158
12176
12178
12214
12236
12249
12251
12309
12329
12337
12341
12360
12390
12492
12493
12494
12547
12553
12557
12612
12684
12715
12726
12832
12844
12902
12912
12988
13121
13128
13139
13149
13153
13160
13174
13359
13389
13444
13518
13523
13526
13546
13572
13577
13593
13607
13619
13687
13728
13738
13796
13806
13818
13824
13877
13885
13896
13903
13957
14015
14040
14092
14112
14128
14189
14190
14192
14193
14239
14240
14263
14269
14295
14305
14329
14341
14345
14397
14417
14428
14435
14444
14466
14633
14634
14670
14710
14754
14777
14803
14806
14840
14862
14873
14874
14903
14919
14939
15042
15047
15051
15055
15058
15059
15071
15121
15137
15151
15194
15195
15205
15208
15239
15278
15310
15352
15404
15434
15495
15504
15516
15517
15573
15582
15615
15676
15690
15747
15749
15789
15817
15829
15863
15952
15965
15968
16058
16094
16095
16127
16162
16181
16208
16211
16234
16241
16245
16252
16361
16363
16462
16476
16511
16514
16605
16627
16679
16692
16722
16496 16495 12797 12805 12804 12803 12799 14698 14696 14695 16176 16175 12222 12223 4788 4787 4786 15842 14950 14952 3242 3241 3131 13469 15792 1301 15371 13889 1225 3360 15041 15040 12519 12520 9153 12698 12697 8778 8777 8776 8775 8774 8773 8772 8771 8750 8751 4446 16343 16342 16341 16340 11292 13122 11311 11310 11289 12109 2653 11291 11408 11290 1220 1224 15451 15450 15449 9988 69 13612 13611 10475 13288 15005 15004 13287 13286 10478 10477 10476 10474 11571 11570 3135 3357 3356 3132 3134 15992 15991 15990 15989 9427 9431 16142 16161 16160 16141 4926 4652 4651 4650 4649 4648 5051 13527 11387 13322 9430 9429 9428 9426 9425 9424 9423 9422 9421 9434 9433 9432 7659 15422 15421 4871 7533 7532 7531 7530 7529 15333 14829 14680 14682 14681 14679 2407 8507 7329 1133 13196 13198 13197 13195 11106 11105 11104 11103 11102 12882 3359 7595 4839 1219 4866 7044 4865 13468 8077 8076 8075 8074 8073 8072 4864 10308 10307 99 16019 15684 15685 8394 8393 8392 95 4796 98 3133 7848 5444 3130 16376 11218 16154 13954 13953 13586 13183 3290 9395 9397 9396 12076 12075 9394 97 96 94 92 3320 12213 6975 1939 1218 1229 1227 11243 1226 9473 9472 1896 1895 1894 1893 7724 1223 1222 1221 3358 12172 12171 12170 297 10982 1132 5099 5098 4863 8042 8041 7390 12131 12130 12802 12801 12800 12798 4575 13264 13613
15381 11919 11918 7719 7720 5243 13058 16592 16591 16590 13215 13744 11223 11222 10601 16209 6010 11325 11328 11327 11326 4215 5042 15105 155 14827 14688 2382 554 1995 1994 1285 1286 9803 3715 3567 8346 8345 670 4789 6650 6790 6652 6651 15606 15605 7986 7985 7984 3847 3846 7555 4627 4629 4628 3845 3844 4543 6563 1327 2738 2737 2736 2735 12256 12255 12254 12253 12105 4040 1326 749 14082 4687 4686 3551 16284 6934 15230 13199 14985 14984 8811 9631 8991 8992 8812 15415 7932 8798 8799 8797 8796 7867 9160 14111 315 8286 4409 7650 4935 4411 4410 417 14767 14766 14765 14764 12783 14792 14791 14790 14789 14788 2908 10780 2877 15600 15599 15598 15597 15596 15595 15594 15593 12372 11054 10586 9308 8853 7449 14763 14762 14761 10877 12786 12785 12784 12443 12446 12445 12444 12442 12441 12440 12439 3027 9080 9079 9078 9077 9076 9075 5081 6029 6028 4276 15037 6173 15461 630 14844 14843 1573 13578 629 10881 4480 35 12453 6809 6174 915 15010 13782 13784 13783 4321 15209 11710 11711 4277 4278 5722 5721 5720 2545 15862 11503 8012 4491 14098 8398 12809 5435 2571 12567 12566 12565 10353 10382 10381 5906 5905 5904 4201 4202 6905 6904 6903 6738 71 13659 10257 10256 7917 7916 5242 7161 6806 6805 6212 3371 15456 9086 9085 1824 12525 12524 5133 5050 1680 16214 16215 13431 13430 4576 973 1676 8502 8359 8360 8358 8357 166 3575 15612 3234 4799 6994 6993 684 7806 7805 748 5401 10159 3007 293 1444 295 294 12999 12998 13043 12997 7885 7884 7882 5500 13021 5501 10280 5651 5499 5409 1663 3500 14181 14180 14179 15576 1664 1662 298 1868 398 15860 8425 1233 254 2546 2544 4341 1850 1851 633 5359 5360 3569 534 13829 1831 1830 1829 1828 487 6038 1250 5950 5949 533 3057 3056 1630 16113 14677 13219 13218 12926 12886 12885 10614 6115 1628 4078 2864 10663 4751 6140 4445 314 313 2253 418 7983 2347 2349 2348 14491 9802 9801 9800 3938 12275 4042 3937 3976 11421 11420 3975 1355 5911 5943 7890 7889 14525 5910 4359 1354 154 2241 13237 13238 10127 7059 7058 12584 12583 2240 4216 11244 10602 3154 13057 13056 13055 13054 13053 13052 13051 359 2013 2970 3775 8491 10459 10505 11475 11851 12340 13547
11999 11998 12674 12673 11375 11374 11373 6753 10753 6751 10555 10554 6752 6754 3508 12265 3509 1315 16297 16296 16295 6000 5513 2518 10629 10628 10627 15473 15472 15471 14446 14445 10788 12901 12900 8101 13240 13239 6216 6301 6218 6217 8693 1881 1254 15500 9241 4014 16708 11643 15806 15805 15804 15803 15802 15242 14367 4807 16143 16040 16044 6547 16244 3033 13959 9055 9056 1763 11727 3699 14146 14145 2471 2153 14201 3944 15303 3045 11980 11981 11198 16008 16007 15830 11199 10777 8100 4840 7873 2519 2520 2517 7874 5942 4977 13925 6404 612 6324 6323 2390 2479 1581 3231 3230 13000 3700 14025 6518 11734 4134 12461 755 15285 8948 8684 6508 14926 14925 5678 16554 10092 4847 12605 16397 16398 10835 14923 14922 13066 13068 13067 2825 8940 15275 15274 15273 12229 11559 10576 14946 1160 14945 14944 14943 10711 1161 15778 15777 12641 12640 12634 15962 15660 15941 15931 13865 12621 12603 12602 12576 9386 15776 13670 13669 9387 1580 9052 7729 5680 5679 3445 4456 5858 12288 2948 11785 1374 8071 1033 14076 251 13727 6939 10856 3250 3419 249 1303 250 7588 7587 7586 248 591 11300 11299 11298 9474 5480 5479 474 16001 16000 11444 7702 7703 7701 3698 3697 10994 10993 6390 3520 3519 3282 7670 7669 3166 14233 10200 1272 5862 508 6195 509 2866 4597 3465 9918 14357 2088 5689 2089 2326 2091 2090 12511 3464 3110 1271 3070 3153 2818 5970 1937 1503 7429 6507 7149 2384 14003 14002 6509 1316 1034 1032 753 2626 754 752 3446 9291 3204 231 7842 922 3237 2870 4139 2823 921 3574 5629 5628 5627 5626 1052 9645 7742 3696 3695 1456 15639 8355 11518 8830 8829 8828 8356 8354 8353 6676 6675 6382 9083 6383 6381 4016 11788 9296 5993 5992 4015 3150 12774 9351 4907 3299 4085 3298 4223 3923 3149 1457 2826 2824 10710 10709 10708 13030 14427 13029 14278 10707 11148 11146 11604 9064 6520 9547 6821 6519 6163 6277 1283 1282 2245 1021 4713 13926 11809 11810 8368 8370 8369 13273 12959 12958 12957 12956 2152 8768 9878 9877 11644 14302 11511 13713 9936 11512 11510 9518 4048 11247 11246 10789 8710 10658 10657 8625 10436 11997 5041 9302 10834 8920
16371 3402 11088 11279 11087 3401 12837 3399 7428 776 9967 10887 9968 7351 1982 15821 1396 11535 1395 758 6475 14911 334 15046 15045 2406 2959 16288 16287 16286 1484 10120 10603 1482 15403 4062 9177 4061 5710 15453 5711 2379 2378 1300 14709 14708 6824 6823 6853 6822 2960 5558 10580 2940 6956 5762 14707 3921 1501 9632 6633 4594 4506 12091 500 13069 6575 1574 8153 455 6781 689 11555 686 11558 11557 11556 6346 4770 15659 12699 3620 11283 687 6207 690 688 7692 3729 456 10393 3416 13562 5121 7511 6834 5126 7975 284 5125 5124 9354 8274 3875 5592 256 16655 177 9088 4253 5495 6267 2560 6389 9391 9390 9389 6388 6387 2562 5188 2561 2346 12306 9488 12517 4893 9487 4877 3857 13545 3856 2345 5594 5593 3986 12685 4656 14369 4655 6658 2010 7155 3494 15486 15485 798 10270 3031 803 176 5332 10336 10335 13715 1913 14624 14689 5747 5748 4915 4515 11925 11924 4329 12558 4514 4331 4330 14627 14626 14625 3103 7663 357 3876 6333 163 14384 12638 12639 12637 12636 12635 5946 11730 11732 11731 14310 14309 11729 11728 3797 1051 12813 7900 7901 5976 11533 11534 6572 6683 6682 3802 8485 3803 1772 369 1500 13341 12092 3822 6178 6951 15557 12871 14913 8201 12870 8239 6950 6177 6920 3833 1261 15056 8352 8351 8350 6040 6041 6102 6399 5097 8378 5095 5096 5094 2531 6164 15187 12298 3939 8294 4092 15782 501 3659 1575 9895 3417 1381 7018 3887 8548 9506 9505 9504 9503 9502 9501 15095 15241 15094 15093 15092 15091 8547 335 7933 15 6952 16 6543 4292 16642 13354 13355 13353 7159 10231 7166 9375 1629 9461 4009 4010 4008 4007 3610 11526 11525 11524 11523 2567 13756 3609 11239 2536 2535 6368 16043 6369 8331 8330 8329 8328 7355 15350 15351 10058 7832 16671 7833 7831 7354 2968 6126 6125 12219 12218 559 6283 6282 3624 3623 2895 560 11245 561 1560 1370 1398 16025 11667 11838 14217 958 2891 1397 10726 10725 3914 2168 2167 6044 6043 5471 2027 2026 2025 786 221 2865 1022 220 219 218 1240 1239 498 502 7293 6209 3917 3918 3916 12935 1922 3941 3940 1923 499 1236 3635 2642 7888 7887 2698 40 41 175 2700 2009 791 2398 1953 8272 8271 3991 2869 1258 8156 11046 5503 5502 1259 11493 11492 4477 9928 1026 1025 1024 3593 162 6206 3385 164 2405 14514 7082 7081 7080 7079 4249 2488 8559 8469 2812 775 4933 14386 1601 13866 1603 4932 1600 1602 4729 3496 7034 7033 3495 3586 3585 2939 527 1617 525 8470 759 204 203 12581 12580 10958 639 2387 14826 10825 10824 10823 13947 13946 13704 13703 15630 15628 15629 10160 10162 10161 8427 16093 4264 12919 782 7344 7343 2386 731 466 640 6308 5266 1688 12048 1299 1298 13272 14960 14959 14958 14957 13270 13271 13269 4860 10991 10992 9941 15816 15815 9548 6490 11165 13442 13441 13440 13439 9043 7225 1297 557 14528 11852 4136 2709 4613 556 558 2166 1710 7408 3898 8174 8173 8172 8171 8170 8169 7857 6777 4004 9312 9311 9310 9309 1823 16310 16309 16308 15977 15976 15366 14061 14060 14059 14058 1822 15097 3578 3577 6476 1483 3123 769 1015 5948 3400 11833 10845 8993 8910 8909 14399 1144 2061 1353 6845 3684 1352
5421 192 191 190 12348 12347 1 12705 12704 12703 12702 12701 12700 3897 3896 13036 13035 7747 7746 6421 8709 1367 13888 13042 13041 1368 10417 1854 7305 1853 12944 6585 2765 13949 8756 1852 16508 6159 15779 16180 8244 13010 8404 15865 15864 283 13693 1885 14894 11037 11040 11039 11038 14102 10274 6427 1886 5362 3765 6808 6234 3764 8405 6158 8245 8243 6160 916 9661 598 597 8503 3871 1808 1809 1807 1806 917 1786 11237 459 11205 8564 458 4334 1775 3682 3646 5834 3411 4523 3412 3410 3409 665 13492 13491 13150 4522 1776 2060 1771 1770 1725 3156 3155 1726 289 1037 16126 10597 13459 13458 10650 8273 1036 1035 1325 135 8856 8844 8623 4545 16614 15726 12447 4544 8857 8855 8854 9129 9128 6667 6666 6665 6664 6663 6560 1552 1551 7490 675 1317 674 8206 8205 136 6405 134 8560 3813 592 8416 4586 6306 4585 4584 6546 6545 5457 5456 12574 12573 10852 16092 10851 10850 2188 2189 8020 5455 5454 4920 802 10807 8590 6420 6094 3203 7664 11155 14047 15391 11941 12331
12850 12849 8886 15414 15413 7325 7324 7323 14200 7322 12952 9521 14570 14569 9522 15440 15439 15277 14718 14717 14663 14665 14664 14662 4774 13987 12745 8866 8867 8865 8864 4460 10372 14671 12407 12406 12405 12404 12403 11574 13552 13551 11720 11719 11718 8555 8554 8553 8552 8551 8550 8549 1702 11575 11573 11572 14379 14380 14378 6281 14504 14503 14502 4602 5024 11372 9218 12666 12665 12664 12663 12662 3681 15692 15691 32 16112 11903 14356 14355 14352 14351 14350 14349 14348 14347 14346 2226 14308 2039 5603 9524 9525 9523 6280 9219 9217 3680 6279 6278 6050 6051 4776 4775 4773 12421 12420 8985 4772 7321 9736 6396 6395 6394 6393 11140 6392 6391 5665 16321 16320 15118 15117 11333 11332 11406 11331 9535 11158 11161 11160 11159 11157 9338 7320 10142 7095 10081 7096 7094 7319 5837 11225 11224 6077 6076 6075 5846 5845 5844 5843 5842 5841 5840 5839 5838 3668 15616 3667 9696 9695 9694 9693 7450 7257 399 16167 55 2508 12571 12570 2507 366 15560 4663 367 14782 14781 13408 15076 15075 15074 13407 9383 12017 12016 12015 62 14264 8202 10371 10370 4459 4785 4784 4783 4782 6472 6471 6470 5604 2957 5730 5729 5728 10819 5727 2105 2930 478 477 6340 453 12322 9384 11759 10816 5663 5664 5662 5661 5660 5659 14198 14197 14196 14195 9775 11709 11708 9774 9776 9773 9772 476 9865 12978 8885 10272 11097 9027 8904
6955 6954 1734 14286 14285 5029 2084 16365 16364 15811 2749 16586 2748 2015 11443 790 8267 7267 1296 13565 10642 997 16083 16082 1062 16204 2246 11191 10811 10764 7303 996 4561 11623 5780 1549 14529 4535 11395 16329 16328 16327 16326 16325 13692 13691 13690 13689 13688 14303 12758 12757 15924 12234 14087 799 14675 12235 10592 10591 9723 2650 2651 2649 2648 2647 2646 5686 15266 5685 2645 2470 2469 9755 12021 553 11830 11829 11828 11827 11385 11384 11383 11382 11381 11380 11379 11378 11377 9149 15054 9146 8017 8018 8016 8015 8014 10404 10403 1409 13763 13762 6078 1408 8396 1407 1406 2005 4055 9244 801 14266 7789 15814 6259 4108 2621 9754 9753 9752 2350 552 13842 13841 551 14842 14841 11394 13686 13685 13684 13683 13682 13681 13680 13679 11396 5599 8208 8164 14975 14974 6141 16491 16374 16373 12401 8165 2409 13096 7268 1548 4006 2610 1209 4533 4534 9194 10324 12014 9131 9132 9130 1210 1546 1547 3821 8338 11632 16168 8783 2525 7816 2524 4909 4908 2233 4981 3420 14795 14794 14793 6455 6454 7564 7563 10042 7895 7894 7893 7892 3238 669 668 2085 11473 9700 1733
1729 1730 13251 8633 13094 13093 7192 1728 1727 11895 13482 13481 13480 12081 12082 2172 9777 2173 2747 15412 15411 4903 8757 11581 8261 8262 8260 7135 10106 10105 7137 7138 7136 4894 2062 4619 3378 2423 1304 2445 13920 964 13236 13235 3962 966 965 27 7414 1143 13962 11739 6635 950 2971 15703 14220 9917 6612 12156 13267 12154 12155 12153 4694 12410 6548 12024 22 12064 6632 4038 1820 8451 8450 15459 6855 5497 6069 3782 15627 15282 11993 11992 2268 12269 2218 9111 9110 8422 8421 15546 9901 14778 1493 11212 7030 14812 1492 1502 8420 7697 5785 2217 3657 13401 13400 13399 8395 3658 1706 2490 2489 11793 10957 14136 2294 2293 2269 16276 16275 13699 3146 16121 14699 9240 3147 16301 7222 7221 3145 16233 14882 5477 5478 5522 4005 4089 2219 4537 3068 3069 216 11745 5142 13944 12604 12601 8295 7629 5932 8581 4640 3664 4902 14678 3663 8192 10892 1797 15663 6804 8790 1930 5877 4079 1570 1571 16380 16372 11393 371 10599 9976 6061 2624 13132 2623 9126 4527 8366 1183 6820 4100 1582 15388 1583 15448 6474 6473 12090 52 10606 4771 15387 1383 6555 1813 9991 2868 1142 13984 10008 1499 1940 11840 11839 1091 2958 7071 2419 206 1284 205 10939 1182 7423 60 20 15052 13853 5211 10673 16237 14009 14008 16075 16074 16073 7317 7316 1102 7881 7880 6386 14930 11778 14328 13857 14381 13856 10672 10038 6364 9717 5210 11216 15397 15396 15395 10232 21 19 3766 7350 3767 1590 1270 1792 1761 53 13945 7550 129 70 51 172 2182 14635 8737 3568 7130 7131 406 10495 3049 465 14949 12411 11635 9155 9154 1814 14942 6687 12141 12140 5275 3223 10826 8482 6681 3224 3222 3182 3061 14331 3063 15773 15542 15541 15540 3062 10040 11578 10039 1798 7818 16351 1178 7819 1177 1835 1599 5046 7677 7676 1931 14749 14748 14747 6803 6686 10801 6485 13927 8740 5955 5677 15800 5203 12600 2394 2836 5723 1952 14030 8194 1951 8193 2854 2444 5746 3690 2048 2745 1111 14358 12119 7620 2485 2837 15932 10271 405 407 4693 171 6634 2232 1269 4493 7498 7497 7496 4492 1162 1163 5763 5134 5654 3996 3662 1802 16260 370 4536 348 351 350 349 2457 2456 1585 9298 6878 1584 6657 1308 4091 1184 6766 6397 6067 5756 4551 948 949 947 7283 4733 6095 6205 8714 1810 6549 4355
