1373
6791 6790 6792 6793 6794 6795 6796 6797 6798 6799 6800 6801 6802 6803 6804 6805 6806 6807 6808 6809 6810 6811 6812 6813
1155 1154 1156 1157 1158 1159 1160 1161 1162
2878 2877 2879 2880 2881 2876 2882
3505 3503 3504 3506 3507 5234 5235 5236 5237 7564 7565 7888 7887
1907 1906 1908 3078 3079 4175
2698 2697 6675 6676 6677
3181 3178 3179 3180 3608 3609 5624
3811 3810 3812 3813 3803 6423 3802
4351 4350 7409 7362 7363
4464 4463 4465 7583 411 410 409
6429 3943 3360 2787 2513 2512 942 6428 8020 5847 6272 7366 5880 8265 4830 3359 7303 7788 1753 2319 2320 8292 2593 2536 6220 704 3500 7277 7276 7009 2068 5811 3362 2604 3363 2335 3204 5973 247 246 248 5838 5456 3132 3148 3981 34 35 2592 3669 5047 757 1204 2355 2786 6894 7011 118 1702 2148 1201 6967 7428 116 2486 2484 2677 2676 3211 3212 5809 4909 4690 1417 1418 4383 4382 3582 3080 2680 3081 3082 3083 3084 3085 3086 2485 2542 2748 4979 4540 4539 4541 4542 4543 1132 7738 2866 2865 6938 6937 1085 1084 5109 5878 2620 1957 4319 3818 3817 3815 3816 7454 7453 7053 5837 7346 3074 7499 6065 2043 1090 1348 6830 5378 5269 5377 5445 5446 2908 2304 4333 4334 7650 4794 1309 1118 6659 2719 2720 2718 3949 6070 2937 789 3970 7573 1960 1959 6027 6705 5216 5850 4692 6081 2780 615 617 8218 6777 6776 6718 4793 6691 703 2433 2258 2257 3290 4195 4196 702 300 301 1703 1958 2900 4297 4900 8149 7897 6118 6100 5936 1411 5090 5142 288 290 4902 289 1410 5190 948 1119 947 5450 5449 4537 7543 4037 4038 542 2574 4232 4737 763 4005 1781 1782 1783 1784 126 8075 1135 1134 5305 6761 926 2712 2714 1412 2713 6544 762 520 519 1956 7561 7490 7814 1523 7941 616 6124 1455 1949 3647 376 2149 2586 4668
7110 7109 7111 7112 7113
7844 7843 7845 7846 7850 7575 7576 7849 7851
8143 8142 8144 8145 8146
1038 1037 3670 1036 6396 6815 2424 8300 8299 408 406 2377 2376 2378 2379 2380 2381 7781 1899 7615 7708 7709 7710 7782 407 7062 7061 2870 323 5962 4517 2109 5368 1025 5720 4422 1740 2188 2187 5103 5104 2773 6387 1798 1796 4256 4254 4255 1797 6768 2205 2203 2204 2300 6109 6405 2721 5666 5665 5667 7084 4485 7909 7180 6888 5805 4486 4364 4362 4363 2268 2636 6683 6684 5719 2269 4650 4648 4649 4581 4580 4582 4583 3311 6206 6205 6207 3308 4162 5144 4161 3310 3309 3307 1970
1049 1046 1047 1048 3705 6026
1194 1193 2656 2692 7074 3880 338 6172 1904 475 8342 6035 7942 5191 5098 474 2607 3948 6246 6247 6514 1387 4548 7392 1388 6537 3833 3832 3831 5831 1144 1142 1143 3190 1141 3854 7292 6288 807 4592 7699 1729 1727 1728 8113 2361 1152 6583 6604 7486 7485 204 203 205 1664 1060 6588 902 900 901 2516 3570 3571 6105 8326 1595 4774 7681 7680 6068 6067 2315 2314 7299 4536 7619 4060 844 866 1058 1148 1449 1750 2342 2899 7618 845 867 1448 8229 1840 946 1732 3825 4609 7337 633 634 1059 2367 4726 1291 7518
1442 1441 7523 7524
1472 1471 5263 5262
1569 1568 1730 1768 1733
1943 1942 1944 1945
2131 2130 2132 2133 2134
2151 2150 6596 7411
2478 2477 2479 6311 7635
2643 604 4777 3490 3489 3488
2754 2752 2753 2751 6274 6275
2842 2841 2843 2844
3028 3027 4945 6179
3126 3124 3125 4149 5453
3158 3156 3157 3159 7243 7244
3217 1356 1357 5171 5172 5173 6520 7569 4020 7873 3216
3554 3553 3931 6058
3638 3637 3639 3640
3986 3985 3876 3896 3875 8305 8304
4327 4325 4326 4328 6261
4481 4480 4482 4479 8165
4664 4663 4665 4666
4809 4808 4810 5405
4825 4824 4826 6050
5186 5185 6634 5645 5644
5229 683 5230 8296 6535 6534 6533
5399 5398 3719 5749 3720 6850 1689 7730 7007 1138 4424 6427 4903 1513 1510 1511 1512 1752 3096 4904 5184 5577 5578 5579 5676 6306 6661 8188 968 80 1710 1826 1824 1825 5970 5202 1622 7349 4854 3765 4878 4877 4848 4847 4846 4837 1311 249 250 251 252 3454 6374 5998 1466 4272 5999 4676 3788 3786 3787 3785 4435 5797 3330 4426 497 628 1770 6627 2460 2994 4043 4323 1299 1298 1300 7367 4354 3171 6001
5562 5561 7014 7015
5655 5654 5656 2471 7326 2472
5865 5864 5866 5867
5979 5978 5980 5981 7910
6019 2296 6020 2294 2295
6160 4670 6159 6829
6294 6293 6295 5780 8021
6352 1078 1079 3628 7328 7642 7308 5088 2814 4275 2813 4274 8171 1093 6145 8025 1092 6785 6252 5083 5084 6615 7732 7736 8217 8216 7483 8016 4744 4743 2827 6059 4444 4445 5052 6060 7605 2828 4110 6327 6325 6326 7608 2689 6300 104 107 105 1861 1860 5785 5784 5786 5787 1859 7761 7760 4518 7413 2816 2815 2824 3137 5944 7871 2167 1815 1816 2168 3418 4417 7182 4761 3662 562 4891 5668 6011 5931 3962 3577 7974 3599 135 136 244 5071 5069 5070 2487 2830 6260 7198 2348 2831 7628 6264 160 4278 563 159 7445 7123 1631 3995 7100
6517 6516 6518 6519
6541 6540 6542 6543
6549 6548 6550 6551
6562 6560 8354 6571 6561 6167 6166 3044 3045 3653 6869 4458 6870 1343 5008 4647 6861 1342 3043 5351 1341 4693 3651 3652 4805 4804 4806 5145 486 487 3855 3856 3964 4397 7396 7395 303 3674 3268 2086 2087 302 4566 5836 5120 5119 5056 1023 7446 7533 178 7629 6999 4301 435 434 4506 1464 4095 4094 1130 1713 2991 2989 2990 5278 304 6149 3827 2218 5709 522 521 523 750 3501 2165 2053 2164 3576 4190 5982 751 1819 2052 4763 4819 6819 433 2166 4561 7913 3118 421
6584 626 6585 6586
6856 6855 6857 6858
7261 5110 7265 7266
7450 4873 7451 7452
7494 7493 7495 7496
7526 7525 7527 6984 6985 7025
7536 7535 7537 7538
7625 7624 7626 7623 6176 4709 4817 6177 6178 488 953 952 954 3535 767 927 8311 111 7932 7931 7930 8240 3536 4174 259 260 3907 3906 4057 5482 7885
7747 5937 7748 7749
7963 7962 7964 7965
8140 8139 8141 8320
8206 8205 8207 8204 8276 8275
14 13 12
61 60 59
201 200 202 1965
267 266 265
440 439 441 6528
580 579 578 6338 3508 3509
1072 1071 1070
1082 1081 1080
1206 1205 1207 6587
1210 1208 8172 714 1209 3564 6523 2933 2932 3603 4257 397 3604 7990 6119 5602 4884 4484 1242 2861 1623 6130 6129 1538 1539 713 6727 7297 3771 1241 6556 834 833 835 2848 4017 4001 4018 3977 7060 2449 2450 444 143 443 4178 2543 5147 142 1536 5922 4429 4428 4430 4607 4608 4966 5779 6740 6741 7410 8081 2986 2370 4111 6960 4253 4252 7462 163 1010 1011 7141 7140 1214 5851 1555 1556 6554 7764 3151 1213 7837 164 3384
1218 1217 1216 6359
1261 190 191 5141
1264 1263 1262
1363 1362 4436 1361 3218 4437
1383 1382 4749 3262
1399 698 697
1403 1402 1401 7502 5594
1525 1520 1524 7406
1743 1742 2391 2389 2390 3687 6358
1814 1034 1033 1212 1211 4065
1973 1972 1971
1997 1995 1996 2284
2019 2018 2017
2031 2004 2006 2007 2005 5517 2563 2562 3747 424 425 426 427 3128 3702 4984 5414 3347 3346 6982 5900 5902 5620 848 3062 8041 847 4698 4697 4699 4700 4701 7600 7973 8124 1779 6947 537 3037 3035 3036 3034 5941 535 536 6008 3874 8169 8168 2791 2790 8198 8197 8199 3650 2286 2448 3067 4349 4499 7758 6043 4494 6044 1818 2285 3680 4425 8074 7952 7951 7953 7954 5468 7902 7904 7903 5467 2398 349 347 348 350 2934 3563 4406 5734 7863 346 1836 1635 1835 3419 6403 58 5618 2771 7327 8034 4107 4106 57 339 340 893 958 959 293 8033 6646 5160 423 422 292 6110 7641 4096 4842 6360 7188 4745
2045 2044 2545
2058 207 206
2064 2063 2062
2078 2077 2076
2123 2122 3215
2243 2242 2241
2415 2414 2413 3195
2476 2475 2474
2521 2520 2519 4412 4208 4207
2523 2385 2384
2551 2550 2552 6121
2561 2560 7311
2635 2634 6168
2659 2658 2657
2666 2665 2308 2307 8273 8272 6832 6831 6833 2306 3585 5595 6353 7247 3826 3587 3052 3053 3586 6445 7729 2503 4386 230 1247 5099 229 341 2346 342 2345 6029 7745 3409 3408 6477 1582 2199 2454 4489 1581 2200 6215 6214 1480 1478 1479 2873 1477 3602 2670 2669 1989 986 6051 3474 1458 1457 4303 3475 5395 1924 6913 1355 1354 2517 777 3578 2569 2111 21 4367 3983 4368 4369 4370 7066 3573 7658 2112 2570 4150 7403 4418 3959
2707 2706 2705
2729 2728 8109
2744 2742 2743 3661
2794 1594 6826
2807 2806 2805
2875 2874 651 261 650 2902 2903 6321 7474 7475 7476 5165 1909 1910 1911 2136 1061 8281 6601 258 257 4977 2886 4058 1050 7612 7611 813 814 7607 8357 1661 8119 8118 8332 4053 4052 7956 2769 56 220 219 4523 4750 2135 802 262 2480 263 264 7705 7704 3882 2819 2820 3883 5795 7059 7763 997 8002 8003 746 8028 8027 8029 1952 1953 6248 3561 3560 1474 8036 269 5799 4769 270 5023 3423 2339 1724 7920 7163 1902 1725 2028 386 2738 2737 316 7463 921 6895 5383 7679 3449 6216 3450 3527 3526 8111 3245 7660 934 936 935 1428 4706 3315 741 3199 2617 322 3407 3406 3405 1469 740 3707 2121 6731 1327 6973 2455 8107 2456 5910 5909 1182 5385 27 7001 7274 7273 7000 26 28 5050 4019 3134 3463 4050 2452 2451 2097 6923 5534 888 1391 963 783 5271 1308 1307 686 2825 742 321 3886 320 4760 2766 2789 367 6158 5072 4237 368 1284 1285 366 8110 5657 5479 4756 365 317 315 4950
2928 2927 2907 2906 6455
2955 2954 54
3026 3025 3024
3071 3070 3022 3023
3163 2283 5730 5728 5729 7586 7587 3164 4155 4154 5274 5273 5275 1200 3410 4493 1276 6480 4413 1739 5822 66 4347 5386 2528 2527 5499 2733 2625 2626 2627 3108 4702 7661 1447 3822 1245 319 6086 3398 837 6589 2556 6407 1642 5660 7147 7146 4757 2440 4626 2441 2442 5461 5463 5462 1641 3566 3565 3383 727 726 1443 836 7926 7925 6025 830 828 829 6375 6495 7262 780 779 6754 717 2088 2089 716 3241 3198 3242 3243 715 8056 2584 825 951 7686 7026 2585 7989 5102 5101 5830 5829 6944 389 388 642 641 1051 3579 8069 8068 4525 4516 1790 1789 4708 1278 1277 3895 4658 4260 8301 6668 6669 2856 2850 7325 701 3823 3824 1808 1809 699 700 6452 8070 3681 7693 7331 8052 8051 5206 67 1979 4879 8346 826 2457 5217 1290 1289
3305 3304 3303 1714 966 965 1517 6290 2642 4549 5001 7715 5574 5631 7716 887 8271 4092 4091 4093 1881 3446 3445 4985 1880 6367 5738 5737 6303 5396 922 6007 7434 7433 7889 430 5152 7287 429 5150 7383 7382 856 855 3908 3909 3972 6354 7809 3630 5571 5570 3632 3631 3905 3904 6365 7415 2181 2182 2758 5965 6970 6971 5964 3894 992 993 994 1981 1983 3200 3893 5750 6456 7532 103 431 2116 2223 2396 2785 5010 5251 5466 5932 6212 6400 7767 854 975 1982 2115 2183 2852 3766 3897 5129 6233 6644 7546 387 552 553 4956 4957 6318 551 5664 6317 7832 8306 6682 5247 391 390 392 393 5882 214 6297 7787 5424 5422 5423 6824 6825 6762 7878 2980 7717 1021 6092 1022 7334 7984 6490 5365 2650 4266 2546 2014 4298 606 972 973 4299 4483 7293 7692 607 608 971 4513 7691 8159 8258 8259 4265 7441 8330 8331 3345 680 3491 6786 6787 1771 671 7808 4551 4550 5075 4031 4032 5076 6018 6016 6017 6592 6013 2224 3272 5151 7530 2 882 1279 1280 2292 2838 3391 4467 7986 3 2117 4616 6953 7195 7342 405 1240 6900 1891 4823 5036 7137 7757
3319 3318 3317
3385 1246 6472
3422 3421 3420
3460 3459 4915 2400 2401 2402 3432 3433 8307
3462 3461 5619
3512 3511 3510 3516
3515 3514 4901 3513 7855 2013 1550 1551 2302 2303 6329 7666 287 4469 4468 1416 7400 4387 3412 4388 3097 6357 1004 6657 614 8313 3187 3184 3185 3186 4829 5940 5091 1420 3821 5092 5093 794 2723 3820 1419 2722 3366 5005 5714 5713 4508 4507 3182 791 3716 5548 7567 7566 6546 898 6582 4156 1663 1662 4727 2322 2321 3665 4324 2162 2161 3952 3951 7255 7254 3614 3615 899 3668 4822 4906 4905 4907 4908 6191 5350 1596 2099 2280 631 2969 3464 7455
3529 3528 749
3540 3539 3538
3544 3543 357 356
3627 3626 3625
3643 3642 7912 7911 4450
3655 3654 3656 6769
3692 3691 3690 4622 4736 7870
3694 3693 3695
3704 2566 2565 6169
3742 2231 7907
3922 3920 3921 4978
3957 3956 3955
3963 904 903
4000 1841 3999 4927
4045 4044 3088 6136 3361 1364
4055 1652 1651
4086 4085 4087 7819
4098 4097 7718 5375
4116 4115 4117 7886
4193 4192 4191
4197 550 2509 2510 2511 6153 4574 4573 6269 4925 4924 6665 2466 2931 2930 6547 1647 1646 5014 5013 6315 3960 3961 6880 4496 6878 7927 4287 4286 4288 4466 4461 4459 4460 3293 382 2750 4996 4995 1238 1237 7358 7420 3708 4711 2079 2080 3068 306 305 311 2972 2971 7836 3673 8138 8137 7033 7032 3299 5905 5904 5412 5410 5411 8024 499 414 498 3294 5030 2746 2747 4119 6834 3143 3142 318 6507 7272 1850 2668 468 466 467 469 645 653 654 869 1452 1775 2096 3259 3431 3453 3476 5130 5948 6501 7042 7464 500 611 652 2235 6276 6277 7685 6063 6062 5576 8340 1765 8341 1400 285 286 1712 3367 3368 3369 3393 6066 7239 7397 8249 6716 5627 6780 2623 2624 4211 2505 2504 3392 4194 6841 2238 5992
4263 2535 1326
4273 4248 3003
4284 4283 4282
4356 4355 5775 4920
4358 4357 4359 1244 1243 8072 8247 5808 4994 2597 664 5356 1700 6458 2350 2349 2351 7174 186 6389 2534 1508 1507 6391 6390 2365 187 1509 2364 4151 4342 6116 1695 68 7755 6021 6083 7753 7754 7756 4585 5060 3165 5194 6603 7795 1886 7786 1913 1912 4416 1887 6739 236 218 8086 8085 4405 4404 8329 8328 1696 1697 978 886 976 977 3559 4332 4331 4627 3891 5518 1698 3352 5472 5752 8312 7230 1103 3941 4403 7231 7232 7233 7234 7723 1110 1109 1111 1112 1113 1107 1108 5807 6228 1456 6227 7898 7867 7219 2836 2835 3225 3224 2894 2893 5874 3339 3440 3226 3679 3340 3633 3634 3678 3877 7900 2895 6905 6904 7631 1532 4344 5085 1320 1319 1606 1514 3354 3353 3355 1947 1948 4377 3042 6234 3064 8222 3063 5026 5025 4393 1561
4491 3869 3699 5436 3871 3870 2419 2418 7667 591 592 593 1333 3382 5225 5238 6285 7668 8080 590
4534 4533 4532
4586 2638 2637
4594 4593 3104 5685 6031 3103 2725 840 2724 3227 6223 839 7071 7070 7784 6097 4691 5742 5741 5743 6085 7029 3166 5039 5907 5038 5040 5908 838 1460 1461 4885 6884 6920 5963 1373 1372 1371 6399 1370 7093 7540 47 48 6337 5046 1088 720 6941 6940 4725 4724 4667 3517 7357 1919 1918 1920 719 718 618 620 6076 1917 1089 1463 2105 4923 1087 333 331 332 501 619 1091 3287 3313 3760 4717 5033 5868 5871 5872 6262 8176 3525 3523 3524 6263 3621 1064 1066 1063 1065 2975 5256 5954 3076 1914 4305 5733 5731 5732 5939 5938 6094 6093 5857 4246 5856 6865 7771 7770 4688 6721 515 6301 1600 514 513 312 173 174 2207 3275 4849 2208 7270 148 744 2155 7271 2081 2042 2924 6135 4304 3753 1915 5990 6187 1650 1649 2675 1165 1648 4056 4531 4530 4529 7793 943 944 4379 885 1925 1583 353 352 354 355 3545 7857 158 3723 1604 1856 4840 4157 991 1234 2923 6361 1334 1926 2578 3381 4011 4421 7002 4010 6687
4621 4169 4170 5843 6012 6271
4696 4694 4695 7571 7570
4730 4729 4731 7981 7982
4742 4741 4929
4773 4772 4771
4781 3862 4780 6702 4121 6141 6997 5074 5073 4892 2016 4893 3900 4869 4710 6346 6345 6347 210 209 211 5121 5122 112 7802 4951 1492 1493 113 8194
4835 3261 2974 2973
4853 4838 4839 5605
4890 2700 1086
4919 4778 4296 2619 2618 2240 2239 5034 5659 5658 5511 5510 896 895 2939 3122 6558 2271 2270
4930 3574 3575 5674 8288
4989 1993 2073 2072
5048 3194 5135 4378 2124 4384 7043 395 394 396 2614 5299 8324 1189 3780 7820 7267 7790 6442 4199 5111 150 151 1990 4652 4651 6453 2602 5051 1589 3040 1590 149 7284 1150 1717 1718 1874 3130 3131 3244 4049 4926 279 5892 3289 4338 4917 5893 3021 3288 3020 3019 5984 4617 7585 7584 5501 2559 2557 2558 2984 4126 2983 235 139 5769 2621 10 2352 4100 8007 8006 6640 470 2640 6641 2225 155 2032 2033 2034 4916 2075 2074 852 851 2639 2022 438 1813 2839 3378 4198 3312 5166
5154 5153 3260 4969 6723 6722 3270 3271 6697 6696 6695
5182 5181 4069 7078 6241 6424
5222 5221 3263
5267 1235 1236 7058
5311 5310 6623
5342 5341 5340 5452
5354 5242 3552
5384 2573 709 3834 1977 711 2736 710 4768 4767 2113 256 255 1486 7248 1585 6673 1586 1587 960 3152 790 3136 3153 4420 1526 3754 1527 7672 2859 5678 5677 3177 171 1459 3417 5846 6887 8076 2193 2192 2194 2195 2196 4898 2191 4375 2163 1482 1483 4911 4912 1395 1396 3229 4023 4075 4073 4074 3230 181 2703 3231 182 1543 2704 6608 7921 2173 2174 6654 1833 3145 6653 827 5672 5671 5673 6565 1923 1922 1921 6936 1834 1854 2340 4522 820 821 1963 4452 4451 4560 1609 224 225 5464 2967 2968 5832 226 6489 169 3830 5161 3767 5307 7840 2941 2940 8132 170 172 2581
5455 5454 8224
5489 3547 3546
5525 5524 5526 6666
5529 5528 8268
5538 5537 5536
5543 5542 5541
5558 5556 5557 7408
5648 5647 5646
5726 5725 5724
5773 5772 5771
5802 5801 5803 6053 6054
5826 5825 1624 5958
5887 5886 5885 7714 5486 5487
5912 2829 5913
5929 5765 4764
5951 5950 3091 3090 3336 2488 7302
5957 5296 5295
5986 5985 667 666 7013 3792 3791 665
6056 6055 6057 7719 8096
6074 6073 3267 3266 8269
6075 5062 5063 5064 5065 5792
6079 6078 6333
6091 6090 6089
6163 6162 6161
6240 6239 2185
6251 6249 6250 7210
6350 2126 2125 4578
6370 6369 6368
6488 4596 3457 3458
6502 5817 6503
6506 6486 6485
6760 6759 6758
6844 6843 6767 6846 6845
6864 561 560
6872 6871 437 436 1504 1503 1505 77 76 2021 2020 6409 5431 1534 1535 6515 1352 630 5736 153 7169 4234 108 5889 1226 3375 6309 3374 3373 5888 1435 1992 6756 831 832 1436 8244 3979 729 7639 7003 1986 3172 2279 728 5394 2749 3328 2483 7207 2529 7145 3332 6674 7477 3331 7633 4643 1249 1248 663 6513 4876 3549 2383 3548 5335 1916 871 2263 4968 134 7440 5357 2104 1749 8064 4661 3281 3280 7805 4544 3087 1053 1054 1353 3333 4440 5400 5401 7225 3469 3077 3901 6602 370 8254 369
6909 6908 6907
6916 6915 3325
6932 6931 6930
6965 6964 6969 6951 6954
6980 6979 6981 5364 1178 4874 1177 2694 2693 2695 2696 6459 3038 795 222 223 4343 5409 5177 5176 180 179 5118 7153 6111 1867 177 5081 5265 2282 2811 1715 6483 6482 538 540 4500 541 539 6382 4166 4165 1716 3533 3534 3684 3843 4589 6385 2281 4931 4067 5175 5551 4656 2667 5521 5520 7677 7552 2622 2821 51 49 50 595 2782 596 2781 5891 5890 5569 5568 5513 5512 3173 3174 5000 1450 805 804 803 2730 4734 1632 3729 477 1424 1425 2356 3404 3730 3731 4509 7687 7457 5097 3842 7368 1077 6852 1076
7027 5259 5260 8008
7046 7045 7044
7081 3756 3814 4128 1706 1705 3622 1679 1681 5916 8297 3112 1433 5421 5419 5420 7159 1680 4779 5567 4320 4318 7200 4352 7201 1613 2599 7389 5096 5094 5095 4949 4948 5586 5585 8103 2041 2040 6693 4689 6694 4088 3389 3390 4748 4747 6414 6413 857 3819 1553 858 4071 4070 4072 7079 6106 7980 5711 5777 5601 5232 5233 6268 6267 5193 2651 4965 961 962 2152 2153 2180 793 6336 3107 3106 7290 3105 3364 6431 2652 3722 2158 2159 2157 764 7175 7662 7138 5349 465 3365 3717 3718 3971 4503 5019 5748 1126 5923 2464 1659 36 3465 1042 1044 2997 1043 1041 5280 5876 4653 4454 4453 2910 2909 2911 1413 1414 5810 1660 7300 3213 6998 7055 7054 5994 7539 6299 5993 7386 6784 5029 3386 5028 4952 5089 1128 2867 1127 1643 1699 5457
7089 5447 2420
7136 7135 6069 864 863 865 3455 5842 5841
7256 6310 7257 7258
7381 7380 7379
7405 3732 4524 4113 239 238 7168 237 8345
7436 7435 2470 476 5531 5530 2469
7467 7466 7465
7509 7508 7507
7580 7579 4703 4704
7646 7645 7644
7652 7651 4705 245 2630 759 517 758 4660 4841 5590 6182 7940 518 774 4739 516 6298 3029 7423 7854 8351 5961 504 2784 4555 4554 4556 5935 6726 938 937 6088 3667 5049 505 6030 2000 1999 1069 1067 1068 5404 5403 7401 5402 8148 8323 7882 4673 4675 7883 7884 4674 503 3925 1998 2644 8 7 818 3219 3916 1658 2555 3744 6218 6217 6219 6743 908 6591 3206 3205 2412 2411 910 909 8120 6238 3861 6699 6698 6700 5474 5976 3397 3395 3396 3592 1282 1180 1281 3415 3428 6891 8235 8236 6209 6208 7604 3898 1293 1294 2272 2317 1292 2273 7924 2095 3394 7419 6877 5789 5790 3429 6745
7707 7706 4857 296 295
7728 7727 7726
7776 7775 7296
7800 7799 7196 4918 7520
7829 7828 7827
7864 2800 2801 7970 7971 8245 8246 8325
7978 7977 7976
8000 7999 7998
8018 8017 3714 3715
8082 7394 7393 5695 5693 5694 5696 5697 5698 5699 5700 5701 5702 5703 5704 310 5687 5688 5689 5690 5691 5692 309 308 307 1485 8127 1978 566 565 3100 3099 4392 6279 6280 4391 2463 735 4227 564 2702 7791 6242
8089 8088 8087
8102 8101 8100
8131 8130 6896
8155 8154 2641 482 4954 4141 4140 242 5839 3558 2947 2948 7959 84 83 4002 82 1225 2403 2404 3759 7796 609 1224 5139 4233 6296 2767 2942 1184 2531 2530 1324 1325 1323 6632 3051 3050 4640 5911 1528 3144 3403 4103 6757 4108 3739 574 2760 2759 2761 2762 4269 4270 4271 4291 4290 7431 4003 4004 2098 3055 5869 1166 4212 1490 1491 5137 5131 5132 1489 3938 3936 3937 3939 8091 8090 6148 1668 1667 4457 4455 4456 573 572 3167 5011 5323 7041 2066 2065 2067 3890 5009 1666 2595 2596 1665 1634 7217 7427 1862 932 931 577 576 5925 575 5240 5239 1686 1685 4462 7072 6235 3486 3485 3484 6323 4882 129 17 16 15 6084 4855 1499 1500 2663 1498 1748 4262 5823 5623 4944 5 4 6 1991 5220 7432 147 799 7132 4124 4125 1838 1737 1837 3761 5767 7298 6198 5997 5996 5608 2888 2889 2890 6484 3448 2944 7216 5437 7345 6545 7939 4832 4423 3269 161 6308 8201 613 612 4567 6729 7822 5778 8315 8314 7050 7049 6961 1195 1196 5127 5126 8060 8059 3782 5774 3968 2494 2493 3160 4167 215 216 4129 4130 4131 4132 4133 4168 7865 507 506 2605 7593 81 7698 91 90 3291 8097 1465 24 7601 6847 6975 4505 8128 7249 5245 7034 3400 5626 8164 8013 1495 3762 1610 5746 979 1736 8233 4164 3438 1502 4642 4641 23 4993 359 6678 1844 2489 86 1794 1795 4955 2259 1793 1792 889 358 6568 5228 2246 85 4222 114 5928 1687 1612 1611 1501 585 6664 584 374 373 964 18 3314 982 980 5607 5606 4584 4963 6569 2799
8185 8184 7155 7154
8191 8190 8189
8261 8260 5003 5002 5355 2388 8170
8361 8360 8359
46 45
146 145
298 297
314 313 5881
344 343
381 380
399 398
472 471 4575
509 508 7789
582 581
599 598
640 639
669 668
670 273
771 770
823 822
850 849
916 915
1013 1012
1140 1139 4947
1232 1231 3139
1272 1271
1288 1287
1359 1358
1366 1365
1430 1429 6853
1432 1431
1446 1445 1900
1530 1529
1614 92 7811 3873 3872 7899
1637 817
1639 1638 5573 4022
1708 1707 7574 2711 3089
1767 1766
1849 1848
1872 1871
1877 1876 4016 2846 4021 1734 7354 7355 2845
1879 1878
1928 1927
2036 2035
2039 1470
2093 2092
2198 2197
2228 2227
2255 141 5747 6538 140
2312 2311 2313
2331 2330
2354 2353
2363 2362
2369 2338
2372 2371
2399 876
2417 2416
2482 2481
2492 2491 4394
2495 2318 5670
2508 2507
2526 2525
2541 2540
2577 2576
2590 2589
2606 2434
2609 2608
2629 2628 2963
2649 1230 7655 4316 4314 4317 1654 1653
2662 2661
2672 2671
2674 1040
2716 2715
2717 1052
2727 2726
2741 2740
2864 627
2885 2884
2887 2664
2920 2919
2950 2949
3009 3008 3456
3013 3012 5312
3031 3030
3047 3046
3110 3109
3117 3116
3162 2110 7356
3176 3175
3189 3188
3210 2216
3222 3221
3236 3235
3247 3246
3249 3248
3284 3283
3302 3301
3338 3337
3349 3348
3357 3356
3426 2572
3435 3434
3494 3493
3556 3555 4634 5027
3557 589
3562 1800
3569 3568
3589 3588
3606 3605
3617 3616
3620 3619
3664 3663
3683 3682
3686 3685
3710 3709
3712 3711
3735 800 5475 801
3790 3789
3795 3794
3913 3048
3915 3914
3918 3917
3928 3927
3988 3987
3997 3996
4008 4007
4143 4142
4148 4147
4153 1321
4173 4172
4177 4176
4209 2473
4229 4228
4236 4235
4239 4238
4242 2423 6862
4361 4360
4402 2579
4442 4441
4443 3629
4478 1488 3770 737 3075 739 2310 3623 6660 929 2201 2103 7684 5639 5638 5640 2261 4294 4293 6015 2260 3933 3932 5572 7080 7640 1338 1336 1337 1579 1580 3056 3306 5991 6750 7769 928 1940 1939 1941 2206 3098 3763 4477 5077 7388 7082 7594 7985 2883 2682 6510 6509 442 2653 2275 2977 2976 5331 5330 3924 3923 2387 2386 6373 6372 4971 1866 4090 4812 4811 4813 154 6827 5428 3372 5427 1864 3965 3966 6072 7085 1227 1896 3841 3840 7821 1330 7353 3899 1390 5485 7176 3698 5989 5988 3479 3329 3480 6738 706 1722 5593 5718 6351 1657 3967 2684 2683 4046 4048 1267 2615 4047 7513 2368 5276 3697 5018 5055 5478 1266 3141 7282 705 1721 761 1656 6628 950 8203 8317 6531 3000 3002 3001 4946 4937 4936 3591 7794 1192 5613 6282 6283 7107 1297 4268 4267 5755 3168 2847 418 416 417 419 5283 3521 3520 4636 3054 7131 4610 8010 8009 2309 4976 4975 1719 455 456 457 458 6192 6193 454 3277 3860 4033 3658 755 756 2176 7166 753 754 738 1865 2189 2232 4611 5649 8239 400 401
4563 4562
4591 4590
4598 4597 4953
4615 2502 8035
4716 907 906 6994 6993 5814 6987 6388 3701 3675 5183 4381 5681 5680 5682 5679 6747 6746 3537 1757 2324 4789 4790 6496 1440 1439 1438 6817 6064 6818 5583 7006 4783 5582 5300 894 4078 4788 6772 7160 4079 4077 4784 4785 4076 6532 4735 6530 3471 6529 3806 3805 3807 3808 3809 3800 7489 7488 1694 3472 3801 5374 6686 6685 1405 1406 4792 4791 5493 679 3095 5969 6305 5632 5633 6304 7946 1404 7720 6681 4068 678 4933 4932 4101 3863 685 684 5117 2855 7859 6753 282 281 2145 2501 5416 7018 7017 4601 1116 4602 1476 1444 7860 2212 1830 1898 6384 3636 6383 525 524 8238 8355 3758 3757 5015 4189 4187 4188 5806 5575 7120 4786 5609 1104 1106 1105 3322 4712 6146 5328 2764 7189 4062 1905 3865 3864 7674 6132 6131 6133 2366 2147 3888 3887 3061 4758 1303 2544 2904 3191 5443 7459 7460 689 688 690 691 692 2854 2917 687 2853 4587 7149 7148 404 868 1751 5338 6625 64 5675 555
4721 4720
4766 4765
4776 4775
4816 4815
4845 4844
4852 4851
4856 152
4861 4860
4888 4887
4896 1083 6656 7251
4914 3425
4942 4941
4959 4958
4981 4980
5017 5016
5100 2872
5108 3743
5146 1347
5168 5167
5170 5169
5197 5196
5199 5198
5205 5204
5209 5208
5282 5281
5285 5284
5321 5320
5325 5324 6340 6339 6341 6342 3778 3776 3777 4081 4080 6956 6201
5334 3713
5345 5344 8241
5348 5347
5360 5359
5362 3441 6024 4894 3583 7252 4986 4495 176 3066 4160 4214 7613 3065 4089 5067 5066 5068 109 110 3958 677 676 1032 4171 4683 5858 2278 2277 5845 6104 6103 5136 194 6467 8047 8223 5707 5706 5705 3657 2797 2796 2798 4066 4210 1522 1521 3530 4850 5552 4510 748 747 1095 8030 3483 3482 1153 1097 5533 5522 1096 3358 7157 7005 7156 7158 7947 7948 8213 529 528 1678 3798 527 6788 7856 4447 3335 2084 2083 361 2082 6000 6773 7893 7892 7894 1935 5960 6142 6143 8287 1181 4308 1099 1098 1100 362 2215 272 271 1811 5433 7320 3858 3859 4180 4680 7321 7322 4679 5768 5022 6211 3342 3343 4678 4960 6419 7039 8187 5669 4310 3416 3734 1386 2818 3138 4982 5298 7152 6096 6095 4083 7572 5971 8293 4082 6422 7914 7637 7636 7638 7663 2050 3829 7702 7442 4225 4224 2735 2344 2343 2660 130 7701 2427 2428 8209 2426 4431 5763 7443 2276 2048 4389 131 6470 6662 2049 7967 7966 6771 4831 1345 1344 6527 6526 841 4684 842 4181 7657 7656 3612 8077 3613 660 658 659 2681 4547 4546 2408 5382 175 2645 5020 4137 4138 1804 1803 1855
5372 5371
5408 2943
5435 5434
5459 5458
5481 5480
5484 5483
5491 5490
5496 5495
5498 5497 5600
5502 3250
5504 5503
5516 5515
5527 5417
5550 5549
5554 5553
5566 5565
5599 5598
5637 1020 7125 6292 1019 6077 4962 2616 7373 3127 6196 6195 6199 5315 2439 2436 2437 2438 2935 2936 6180 870 157 4250 5540 6629 156 5257 78 491 765 1340 1799 2056 2057 2987 4828 5032 5078 6003 6860 7114 7115 7197 420 788 1164 1339 4827 483 5508 8310 8309 3947 7669 3946 5974 3945 5584 694 693 1198 1197 7323 695 3239 3238 7264 2114 2211 5258 1537 2210 6581 5319 7324 1129 7010 2326 4186 643 1764 42 1802 644 3149 673 7606 4241 4240 6037 8177 2601 2600 4277 6316 3437 3436 5683 1950 3234 4414 6737 919 4285 1951 890 6302 3443 3919 492 558 1549 5314 5448 484 5250 7286 5914 3427 5227 5226 1454 3011 464 2406 2405 5523 3911 5634 1588 1185 2138 3688 6873 2953 5933 2611 2612 2613 674 5115 5114 5113 79 5308 3377 4858 766 1188 3298 7374 2957 3058 4152 6036 8054 40 1494 3057 5460 5735 2107 2106 2108 5178 5179 4206 4202 4203 4205 6580 4201 4204 7746 1255 2407 2745 5622 6038 495 7991 883 4054 5035 3276 1584 496 494 6933 1453 3411 4751 5337 7030 8212 75 5788 41 493 987 1711 5397 5833 5844
5642 5641
5716 5715 7021
5717 3926
5744 4519
5796 3980
5821 5820
5860 4818 6256 5591
5894 4114
5896 4501
5898 4395
5918 5388
5943 846
5956 5955
6005 6004
6010 6009
6034 6033
6140 2444
6157 6156
6174 6173
6200 2249
6222 6221
6225 6224 7634
6232 6231
6237 6236
6244 6243
6254 6253
6258 6257
6287 6286
6313 6312
6320 6319
6322 4438
6344 6343
6349 4427
6364 4279
6381 6380
6398 760
6408 6134
6416 1374 8186 1375 1376
6418 6417
6444 6443
6447 6446
6448 603
6463 6462
6465 6464
6474 6473 7103
6500 6499
6512 6511
6559 4259
6572 2154
6574 6451
6597 4302
6611 6610
6614 6613
6617 6164
6622 6621
6631 6630
6638 1636
6643 6642
6650 5819
6671 6670
6680 6679
6704 6703
6707 4339
6720 6719
6734 6733
6749 6748
6765 6764
6775 6774
6782 6781
6821 6820
6840 6839
6875 6874
6881 5945
6897 4135 8175 7938
6911 6910
6922 6921
6943 6942
6949 6948
6958 6957
6962 5162
6996 6995
7020 7019 8094
7038 7037
7048 7047
7052 330 8122 999 998 5762 6355 7581 5389 4754 4755 2548 2547 3677 38 7223 6950 862 1832 6197 6117 37 2025 8135 884 7028 3402 5163 39 2567 1146 913 8079 7983 2568 7285 7372 7839 4127 4474 33 32 5370 1260 990 8234 559 5546 5279 4497 4036 1574 2524 6866 5983 6867 6652 6651 65 1350 5244 7590 5380 989 988 3150 8150 5492 283 284 6147 7906 1773 3835 3837 5215 1821 1822 1823 5535 6471 681 1772 1820 5505 605 1295 1603 2184 2229 4752 7178 7184 489 1296 3551 3836 4526 371 490 4231 2003 4230 3635 2891 1369 1186 6918 6917 7558 7557 4449 4448 6185 5636 7348 2139 1075 675 1074 2305 5635 6307 4987 2810 2809 3752 4476 4814 8178 6040 6039 724 3442 5840 8253 7762 6371 4123 7621 1575 7429 792 227 6524 5291 7733 5793 5740 3689 485 5363 8048 1331 1890 1101 278 6605 7351 2775 189 188 4515 20 19 2221 6504 8167 8166 1788 5770 2002 1807 2654 5745 6946 2446 6935 6934 2357 2358 6491 1256 1257 1258 2359 43 44 446 2220 5901 6899 5861 2871 4714 4715 4064 4063 3769 3768 2222 69 138 334 335 1462 1845 5776 137 925 924 657 655 232 231 2913 4571 7510 5327 7202 7203 5138 6087 2101 7185 22 3049 7186 8161 3879 6976 3292 5610 5611 8147 4433 5329 3133 3207 3015 3016 4015 6181 2858 2397 2857 2266 2265 2267 734 662 733 1894 3140 106 415 2026 2327 4603 4753 5761 2833 1620 2832 2869 945 1565 1618 1621 3878 4502 7750 192 1619 3998 5942 2120 1253 1250 1251 1252 7347 5224 4158 6876 5827 3069 5231 544 545 1640 2808 3867 7294 449 923 6392 6393 772 1274 7414 1273 4604 167 168 193 996 1316 1332 1540 1601 1602 1617 1645 1786 1801 1893 1994 2453 2461 2467 3323 4514 5815 5816 6890 7534 7559 8040 165 166 752 995 1317 7766 8180 1541 1932 1931 1933 1934 2100 4895 6977 8174 3010 3750 812 880 956 3751 94 810 811 819 1769 4935 7130 8133 8134 93 185 656 873 875 881 930 1496 1515 1842 1843 2588 2598 3214 4041 5753 7129 7879 736 874 955 3237 3779 1787 2962 4028 4029 4928 853 7949
7057 7056
7068 7067
7077 7076
7087 7086
7092 7091
7099 7098
7127 7126
7151 7150
7165 7164
7167 5406
7191 7190
7221 7220
7229 7228
7237 7236
7240 1704
7281 6570
7295 4719
7306 7305
7313 7312
7316 7315
7330 4576
7336 7335
7387 6144
7398 7122
7418 7417
7438 7437
7449 7448
7469 7468
7481 7480
7512 7511
7519 1644
7529 7528
7542 7181
7551 1929
7554 7553
7556 7555
7563 7562
7578 7577
7610 7609
7654 7653
7671 7670
7676 1322
7678 5766
7690 7689
7703 2490
7711 3251
7740 7739
7744 1426 1720 6165 1423 1422 5430 5429 1421
7752 7751
7765 1
7768 786
7774 7773
7778 7777
7798 7797
7824 7823
7826 7825
7834 7833
7861 2061
7901 6328
7916 7915
7918 7421
7945 7944
7993 7992
7997 7996
8015 8014
8037 1892 5972 6616 4677 217 2337 2336 2812 707 708 3745 8078 2679 1723 329 7218 6552 377 1964 5488 7222 5643 2514 4934 4733 859 2518 2515 2214 2213 5884 2506 2054 1117 2055 5082 7498 7497 7737 5053 1552 5376 378
8044 8043
8046 7105 7106 2234 2233 5469 7598 7597 7599 7104 7259 7117 7108 6378 6377 6379 4644 5835 5751 4646 4645 6155 3208 3209 6436 6626 5317 6564 6728 7280 7279 6476 2024 1745 3452 3451 1329 2582 4030 7994 6404 2394 5037 2393 6619 6618 6620 4118 6594 8358 5188 1199 3202 5187 1558 1557 1559 72 4105 4104 6635 7179 294 1785 3881 4687 3240 4488 4487 1747 1746 2047 2046 1123 74 212 1055 1701 3470 6430 73 3201 1056 1057 2795 3223 2965 5243
8058 8057
8067 8066
8073 7371 5798 7722 7721 6928 6927 1542 7568 4027 629 3467 860 1895 5559 3466 7742 3282 5268 1009 1008 8031 8196 5967 2425 1761 1760 1314 1313 1315 6986 797 796 798 1018 1759 2262 3161 4102 5041 8267 9 985 984 4322 4321 7235 3596 5968 5855 5853 5854 7288 4638 8156 722 2119 721 2118 4639 7807 7806 6763 8055 5539 2691 8228 1851 2219 7144 7143 3857 878 3253 877 5333 6450 2144 2143 2142 7858 4473 2141 4345 4346 6457 1221 1220 1219 7214 4276 2862 6204 7995 7517 3154 3147 3155 3839 1468 2938 3838 4606 8157 567 970 969 6112 3146 7675 2690
8093 8092
8105 7648
8108 6440
8151 1885
8163 8162
8193 6983
8220 2160
8248 7250
8251 8250
8264 8263
8274 6497 4223 1577 1578 6113 3102 3101 1817 8121 6692 1131 253 254 7134 6966 4179 1938 7317 1937 7384 2803 1882 1883 1884 2010 2011 2012 2804 8071 6154 7172 6577 3285 7339 7338 6461 6460 6989 4631 4632 4633 6633 6988 6990 8112 6229 2253 2254 3286 4577 5754 2252 4475 5116 7694 3072 3073
8280 8279
8283 8282
8285 8284
8295 8294
8319 8318
8322 8321
8334 8333
8339 8338
8344 8343
11
52
55
144
208
240
268
274
280
299
327
328
345
372
375
402
413
428
432
462
463
526
594
610
635
661
682
712
732
781
806
808
809
879
891
897
905
914
920
981
1003
1031
1035
1045
1102
1133
1137
1145
1147
1179
1183
1215
1233
1239
1270
1283
1301
1302
1335
1346
1349
1351
1360
1394
1427
1434
1437
1451
1473
1484
1497
1531
1573
1599
1605
1633
1655
1682
1683
1684
1709
1726
1731
1735
1741
1744
1774
1776
1810
1839
1863
1868
1875
1903
1961
1974
1975
1976
1980
2009
2029
2051
2059
2060
2156
2169
2177
2178
2179
2186
2190
2202
2226
2230
2244
2245
2248
2250
2251
2264
2290
2291
2293
2316
2323
2329
2341
2373
2395
2429
2435
2443
2445
2447
2458
2459
2462
2465
2468
2496
2497
2500
2522
2533
2537
2553
2564
2575
2580
2603
2610
2631
2647
2648
2655
2673
2678
2685
2688
2699
2701
2731
2732
2734
2739
2757
2763
2765
2768
2770
2772
2776
2777
2793
2802
2834
2851
2860
2863
2892
2901
2916
2921
2922
2925
2926
2929
2956
2961
2964
2978
2979
2981
2982
2988
2996
3018
3032
3039
3111
3113
3115
3121
3129
3169
3170
3196
3220
3228
3232
3233
3252
3265
3278
3326
3327
3334
3341
3370
3376
3399
3414
3439
3444
3481
3495
3499
3519
3522
3541
3550
3567
3572
3581
3584
3593
3601
3618
3624
3649
3659
3660
3666
3671
3672
3700
3703
3726
3727
3728
3755
3764
3772
3781
3793
3797
3799
3828
3845
3846
3847
3853
3910
3929
3930
3934
3942
3944
3953
3954
3973
3974
3975
3978
4009
4014
4059
4099
4134
4200
4213
4226
4247
4251
4258
4261
4281
4292
4295
4300
4307
4353
4371
4385
4398
4409
4415
4419
4439
4446
4492
4498
4511
4512
4521
4527
4535
4552
4557
4572
4588
4595
4599
4605
4629
4635
4637
4659
4662
4669
4671
4672
4682
4707
4713
4722
4723
4728
4732
4738
4740
4762
4770
4787
4807
4821
4843
4862
4863
4864
4872
4881
4897
4910
4921
4922
4940
4943
4961
4997
4998
4999
5012
5021
5031
5042
5043
5057
5058
5059
5061
5112
5125
5155
5159
5174
5203
5207
5213
5214
5223
5241
5246
5249
5252
5254
5266
5289
5290
5301
5302
5306
5309
5313
5322
5339
5346
5361
5366
5367
5369
5379
5390
5413
5415
5418
5426
5432
5438
5439
5442
5444
5470
5473
5476
5477
5494
5500
5514
5532
5544
5547
5560
5563
5564
5589
5603
5604
5612
5616
5621
5628
5629
5661
5662
5663
5686
5708
5710
5712
5721
5727
5739
5758
5764
5791
5804
5812
5813
5834
5849
5859
5870
5873
5875
5895
5897
5903
5906
5915
5919
5924
5926
5934
5949
5959
5966
5975
5987
5995
6002
6014
6049
6061
6071
6082
6098
6099
6101
6115
6120
6123
6127
6128
6150
6171
6175
6186
6202
6203
6226
6230
6245
6255
6259
6270
6273
6278
6281
6289
6324
6348
6366
6376
6394
6395
6401
6402
6412
6415
6420
6426
6437
6438
6439
6441
6449
6454
6475
6498
6508
6521
6539
6553
6555
6563
6567
6575
6576
6590
6593
6595
6598
6607
6609
6612
6624
6648
6649
6655
6658
6663
6706
6711
6714
6732
6735
6736
6742
6744
6755
6770
6789
6814
6816
6822
6823
6828
6837
6838
6842
6859
6882
6883
6886
6898
6903
6906
6912
6914
6924
6925
6939
6952
6955
6968
6978
6992
7004
7008
7012
7016
7022
7023
7024
7031
7035
7040
7063
7073
7083
7088
7095
7097
7118
7121
7124
7128
7161
7162
7173
7177
7187
7199
7205
7206
7208
7224
7226
7227
7241
7245
7275
7289
7304
7307
7309
7329
7332
7340
7341
7344
7370
7391
7399
7402
7404
7407
7412
7422
7424
7425
7439
7444
7447
7456
7458
7461
7478
7479
7487
7491
7501
7503
7504
7506
7514
7521
7522
7549
7550
7582
7588
7602
7603
7617
7620
7622
7627
7632
7643
7647
7659
7664
7665
7673
7682
7688
7695
7697
7700
7712
7735
7743
7779
7780
7785
7792
7801
7810
7812
7818
7830
7831
7835
7841
7848
7852
7853
7862
7866
7868
7869
7872
7876
7877
7880
7895
7896
7905
7908
7917
7922
7928
7933
7934
7935
7937
7943
7950
7955
7957
7958
7961
7979
7988
8005
8038
8039
8045
8049
8050
8053
8062
8063
8095
8098
8099
8104
8106
8114
8115
8117
8123
8125
8153
8158
8179
8181
8182
8183
8192
8195
8200
8210
8211
8227
8231
8243
8252
8262
8277
8289
8298
8302
8303
8316
8337
8350
8353
8356
1677 1676 1675 4983 1946 1626 4871 4870 637 638 636 5277 3371 2868 5545 1170 5824 974 7385 276 4654 1268 5336 1805 6397 1806 5352 5212 4408 6332 6331 6330 3885 3884 25 8335 3984 1566 1567 1615 451 6836 6835 5625 5615 2823 7430 3092 3093 2822 7505 5883 6713 6712 5630 5287 5286 2849 453 452 7531 450 2549 1858 1857 2137 2094 1962 2247 2175 861 1269 5381 3912 1625 3982 275 6266 957 5294 1169 4859 2837 7246 4545 1168 1167 725 324 8202
6725 6724 1593 7596 6645 5899 3379 7936 3733 5211 2946 6752 6751 3324 6879 5760 5759 1275 6006 4401 6433 6432 3950 4400 4399 5757 3135 7875 3255 3256 7842 1115 5653 731 4655 6637 6636 6573 221 5272 4376 3273 4746 1571 7051 7975 1591 6469 6481 6468 6190 6487 6189 3473 5318 2992 1628 1629 5387 3274 8255 2774 7361 7360 7359 2587 7350 184 3123 1223 448 6028 7500 6114 480 5852 3258 3257 2085 459 461 460 243 3676 3380 6505 2646 3296 4040 4039 7783 7142 1203 4013 4012 1202 133 7919 5917 3706 132 2826 213 3193 7960 624 625 6972 6184 6183 2960 2959 3321 6945 3320 2958 3424 7192 4340 623 1570 3852 3851 481 7263 6478 1627 5261 5107 3316 597 1572 1368 3468 1367 7891 5407 1389 479 7183 2374 8225 2375 478 1847 183 1190 8116 1039 4348 3413 2146 4183 5581 5580 1967 1968 1966 241 3866 1191 1506 632 89 1176 5124 1175 1174 1173 1026 6048 6047 6046 5201 5200 4025 8032 4026 7813 5977 6766 4024 385 6411 6410 383 5652 1852 2038 2037 5617 384 816 7560 7516 7515 3648 6647 6170 3120 3119 2301 1028 1030 5794 4974 5800 4973 4972 1029 1027 1254 1222 815 6525 403 117 7649 5326 291 7734 115 7890 2840 4182 5304 5303 3611 622 445 5004 447 6435 6434 502 7036 6356 6362 4061 6139 6126 8004 6557 6138 6137 6125 2274 6863 1758 600 199 198 8226 1901 3746 1791 512 511 3725 3724 510 8327 1827 5149 5148 785 784 8349 8348 1828 196 197 4834 4244 4245 195 2998 2952 8230 8042 4221 4220 2951 1121 7253 6032 7242 1987 5848 4913 2756 1954 1955 1114 7929 7101 7102 2915 1122 1120 2970 4800 6122 4799 1592 2966 2554 730 7616 5440 1985 7595 3297 1984 1384 4109 7301 5297 5105 6363 6284 5128 7291 2783 5316 4112 1487 1385 5587 6929 4802 4803 5588 1988 3607 2289 2633 3007 4139 5818 7064 2015 3006 1475 1630
6919 2898 7482 2897 4899 2709 4185 4184 2708 6893 3940 4559 4558 3773 7874 7133 1409 7696 4341 5373 1408 7968 6152 6151 1407 3784 3783 1312 787 4280 102 5756 3114 2817 892 557 3387 3388 3264 556 7484 1554 967 4820 87 7713 5253 8308 7096 1897 326 4883 325 4006 2422 2755 3595 8012 8011 1151 2236 2237 1533 2632 1149 5723 5722 776 2421 7343 6042 1001 4051 2325 1000 3992 3991 1889 5921 5920 3976 5087 7094 5086 3192 672 723 3804 8291 8290 5219 5684 5218 1547 1546 1545 1398 3749 3748 3478 3477 1397 3094 2499 2498 646 4538 649 4886 1062 6892 1888 647 648 4686 7119 3737 3738 3736 4685 3498 4337 7725 3502 7116 4865 4866 1002 3641 3598 4565 4564 4373 4410 4411 1016 5106 7817 7816 7815 3497 1014 1015 88 1780 782 2347 6889 4889 4365 4366 1229 1228 6425 4614 4613 4875 412 101 5358 100 7987 554 99 2172 3060 3059 2171 2170 534 7213 533 532 2409 4868 4867 3775 3774 71 3935 2686 2687 96 70 3447 4306 5343
7630 6901 6902 7804 7803 7378 7377 4313 7319 7238 2410 7724 6213 2091 2090 6701 6421 4619 4618 4159 2583 4570 4569 4568 4312 4311 7268 911 4553 3401 3350 1377 5143 1381 8286 1380 4620 6639 3994 3993 3542 5507 5592 5506 4967 2945 8214 7972 1378 1379 7171 5180 119 5509 4309 122 7376 7375 2127 2129 2128 4329 2023 97 583 120 8001 121 4372 4315 8352 4625 7310 7470 912 8278 8084 8083 7390 4243 6779 6566 4407 8129 5156 5157 4084 8347 6783 8232 1930 6265 5391 7548 7547 5392 5393 6600 6599 7545 7544 5255 4146 4380 4144 4390 4145 1607 4628 1608 6854 5781 6667 7194 7193 6494 6493 6492 5782 5783 8221 2914 6406 1669 3351 1094 98 1672 8019 7416 2896 3850 3849 3848 3197 1674 5597 8023 8022 5596 1673 1671 1670 1073 7369 5080 5079 4782 4797 4798 6080 6579 7065 1163
5425 4796 4795 7731 3645 3646 3644 2334 8026 5195 4612 3496 1124 4330 1125 1187 336 7492 7318 1017 4490 6778 4432 2070 7614 4264 2792 6479 8208 2912 5007 6022 5006 3492 277 6522 4833 1969 5519 1936 1392 5293 5292 4579 621 1393 7426 6210 5054 3610 3990 5045 5044 3989 1812 6991 4624 4623 8257 8256 769 1853 8126 62 5024 2539 63 6578 162 8215 5123 7759 3033 1560 473 7352 3004 3005 1754 8266 3279 3487 3532 3531 7204 941 5651 5353 2328 5189 4988 4335 940 939 8336 6334 6335 872 6045 5140 3300 5164 7881 1846 3892 602 2538 6849 6848 3889 6926 2778 2999 2571 128 127 7260 6974 6386 570 8219 337 8270 7592 7591 5332 1597 6690 6689 6688 5614 2779 1598 5264 773 6108 2532 1518 1519 571 6885 1548 8065 3590 1467 6188 1305 5133 1328 8136 1310 1259 4163 548 6466 547 7365 7364 4836 7212 7211 5862 5863 546 7283 530 7847 6536 5192 4992 4991 4990 2918 824 531 4939 4938 233 5441 5248 2287 2256 6959 6717 3597 7139 7923 1616 6314 5465 1516 4520 543 4434 1286 7209 8242 5828 2217 5134 949 4396 3594 3344 7838 1265 364 5947 5946 4630 5158 4136 587 588 586 234 1171 8237 2071 2392 4880 3183 2069 1005 2027 3203 1763 6851 351 6052 3017 3580 549 5451 4249 1306 1304 3696 228 918 2788 5930 917 1756 3902 6194 3903 4528 1755 6963 4801 1007 6023 1006 7589 1172 5555 4120 983 4504 1481 6868 933 745 4657 1777 1778 3254 8152 3721 2102 4681 5953 5952 3295 1829 2001 1831 1544 53 363 7772 4964 1738 3600 3014 7075 6606 3796 2140 7314 1870 8061 95 7473 7472 7471 3741 3740 2594 1869 5270 601 124 6041 123 768 5471 4374 778 2591 2008 7069 5288 3041 2382 7170 5650 7269 5877 2209 569 568 379 2360 2030 843 1415 1136 3844 125 360 4122 1762 7215 5927 5879 4336 2333 2332 4035 4034 1873 4289 4217 4218 4216 4215
31 1576 6107 4718 2299 2298 2297 30 29 2432 8160 6102 6715 2431 3969 7741 1318 2985 6291 775 1564 8173 7969 6708 7090 743 4600 4472 4471 4470 6710 6709 2995 1563 2288 7333 3430 7278 696 5210 4759 2710 4970 7541 4042 2993 1692 1693 1691 6672 2905 1690 1688 3868 1562 2430 7683 6730 1024 4219 3518
