10
717 136 682 302 576 718 716 812 846 392 1060 553 1061 769 562 654 656 660 770 772 819 953 188 352 455 467 588 655 664 771 951 952 1073 1091 1104 1130 950 530 984 661 395 752 158 751 753 754 755 378 713 750 975 260 372 568 704 845 974 73 271 279 544 547
897 304 1085 617 1076 593 926 799 643 129 200 641 642 645 646 787 616 92 618 619 620 583 80 577 326 681 918 21 47 104 105 107 128 194 196 201 202 206 210 214 217 236 245 247 248 250 251 252 253 258 261 263 274 291 293 317 321 322 324 325 331 333 335 336 361 379 390 400 420 433 435 437 438 439 442 446 503 543 545 574 581 640 644 650 651 666 667 775 777 779 802 809 833 834 863 915 916 917 1006 1106 1108 30 31 40 49 55 56 74 77 79 116 122 157 192 203 204 249 259 288 307 318 319 323 329 337 360 364 366 436 440 469 472 473 474 550 555 672 676 678 679 680 686 687 692 697 776 789 791 794 901 927 1093 213 220 284 320 796 792 205 208 211 212 215 216 219 221 222 289 401 592 595 648 696 698 780 781 786 790 798 800 801 803 804 1074 16 85 127 130 198 199 207 209 286 327 343 584 594 596 599 629 647 695 742 783 785 118 193 197 363 441 518 600 601 649 683 782 797 88 218 328 154 703 835
924 608 634 969 985 334 376 457 923 925 970 971 96 100 397 417 421 612 872 1081 1082 1083 606 609 610 630 967 370 1084 968 1080 1131 403 1099 714 604 89 454 464 578 603 621 624 625 821 1012 1013 1029 1071 93 191 229 524 598 622 623 626 628 708 715 866 1077 135 189 394 602 774 99 184 465 635 98 627 636 1014 54 266 463 734
990 665 818 462 1028 637 101 582 832 244 470 501 132 171 638 61 502 805 223 225 17 115 224 674 673 875 295 495 1047 283 675 1109 836 1110 1111 862 273 689 839 287 489 873 874 876 878 1046 1115 1095 877 778 195 671 1092 693 125 367 964 966 1086 879 880 290 668 694 837 838 1094 255 277 355 867 956 959 468 806 965 1033 699
1003 728 731 992 1051 512 904 908 1113 865 1064 560 942 398 958 1100 1063 784 380 381 382 383 384 385 386 387 393 890 891 895 896 920 936 938 976 977 981 983 1117 1124 42 303 341 357 889 892 893 894 982 733 732 144 411 44 407 408 991 406 773 723 141 142 143 146 147 148 150 152 239 332 354 371 396 404 412 413 434 504 505 552 571 573 590 591 719 720 724 726 727 729 730 737 739 740 741 743 744 745 746 747 748 756 788 813 859 884 885 886 887 888 940 941 943 944 945 946 955 986 1116 12 75 83 84 139 140 145 149 151 153 159 267 276 299 300 347 356 388 389 414 416 542 556 557 559 633 688 721 722 725 735 736 851 852 905 961 978 185 243 410 431 710 767 826 830 937 993 409 540 831 1075
1018 459 842 450 1019 1017 1068 980 1133 1096 1125 998 1123 997 1121 931 1011 1072 587 1031 1048 498 764 948 350 949 345 856 270 815 857 858 829 850 807 26 1 18 19 20 22 23 25 27 38 39 43 45 46 50 52 62 64 66 68 69 71 72 81 86 90 95 227 228 230 231 232 233 234 235 240 241 254 265 269 272 275 282 285 298 306 340 346 349 351 353 362 368 373 399 405 415 423 424 426 427 429 430 443 444 452 456 458 466 485 500 506 507 508 509 510 511 515 517 520 523 525 526 534 535 537 538 539 541 546 605 607 632 652 662 711 749 810 817 827 861 864 898 900 914 934 947 999 1000 1009 1015 1030 1050 1053 1056 1057 1058 1118 1127 1129 3 4 6 7 8 11 13 28 53 58 59 60 63 67 82 91 94 97 137 138 156 257 268 308 316 344 358 369 425 451 461 488 490 491 493 494 497 516 519 522 548 589 597 613 615 707 761 822 840 843 844 899 913 929 939 954 962 988 989 1010 1041 2 32 35 36 37 237 365 402 528 579 631 701 702 705 765 1102 155 226 418 521 551 1016 134 242 338 339 359 585 930 1120 102 106 131 281 536 659 677 700 853 330 375 614 653 820 854 919 1119 256 499 572 611 841 960 1001 1049 1122 1126 825 657 814 391 979 496 41 48 51 133 246 262 305 374 377 445 448 449 586 883 972 973 9 103 348
1087 935 987 1132 658 1089 1088
1097 1024 1090 921 1062 928 828 1038 481 1035 1039 1043 1098 706 847 994 663 691 1037 480 811 957 479 309 996 422 447 477 564 824 995 1036 1107 478 484 549 554 565 762 816 823 1007 1059 238 278 428 453 868 869 870 871 1112 1114 482 483 855 1008 1040 1042 475 709 849 933 264 301 758 160 759 1034 471 513 757 808 848 1045 1101 419 460 486 487 922 1002 1020 1021 1023 1025 1026 1027 1044 1128 533 1022 57 476 65 514 1052
1103 768 881 342 531 684 126 174 121 165 166 168 172 178 563 14 24 34 70 108 112 120 163 164 167 169 170 173 175 179 180 182 280 292 294 296 492 532 670 685 760 763 1055 10 33 109 111 113 123 176 177 181 78 161 297 575 117 124 690 110 114 119 569 669 190 183 566 567 15 76 186 187 570 639 766 87 882 162 580 5
1105 910 1005 1067 1069 1070 1078 793 907 911 1004 1032 738 860 432 932 963 1079 311 29 310 312 906 1054 527 558 902 912 1066 314 529 561 903 1065 795 313 315 712 909
