78
2076 323 1257 8835 8836 8837 8838 8839 8841 8842 8840 2320 9129 2601 9190 2718
8646 3959 5765 7083 8645 1780 2267 8684 1822 3291 9982 4518 9755 3999 8514 1569 8515 4553 3780 3952 10005 10006 10008 10484 6264 4484 3943 9940 4437 8225 1132 2302 486 1665 8971 5669 557 1196 2147 2472 3285 10338 10339 4097 3650 3346 1461 4111 10162 5114 5353 10248 3232 5481 633 3901 4614 10053 4695 7789 536 3429 2897 9537 8108 998 5364 1229 5198 10250 10251 3051 2207 5187 5512 8922 9405 3119 9406 9278 2893 9279 8417 1416 8416 9826 4177 5803 9116 2566 8534 6906 2926 555 651 1427 3339 5011 5558 6218 6242 6576 7045 7878 7879 7880 8424 9302 10550 8139 1024 5830 5192 1613 3500 9581 9571 3487 9572 10007 6829 7051 5130 7129 435 3023 3900 6760 1392 1280 7917 708 3179 8970 2295 5643 6928 3409 7039 3244 3655 2435 6886 10616 9784 4081 2812 4673 1305 3036 3045 4668 10043 10044 8611 1712 8446 10492 6308 10493 7711 433 758 7070 8064 911 5578 5897 3341 8445 1469 8447
4999 2469 2748 4270 10124 10125 8321 1267 2342 4361 6528 8915 4142 2202 7450 127 3886 2338 432 8859 4323 1799 1365 7216 8114 1003 4022 5656 6263 7196 6052 4173 8860 2365 4419 6312 2095 4821 1069 479 5620 7749 7750 2379 4969 2134 4620 5205 10206 10207 10208
6435 2606 6130 9149 2633 8763 3588 8764 1963 9564 6978 6599 1142 1848 3482 1751 1674 1011 8581 5793 661 9525 6675 5375 8662 1796 7020 5940 6817 3153 3496 1403 1809 3616 6910 2351 1397 3418 1115 9523 9524 825 3933 3727 10380 5864 4990 8618 1730 8619 5384 4107 10258 5795 3422 1564 2647 9526 9527 9528 3256 1244 2956 9465 9464 3507 3822 9690 5596 5338 10318 6666 9285 2903 1460 558 10300 5527 7707 427 9353 3016 3234 8212 1120 1582 5271 4104 8065 922 5851 5092 4021 9284 5463 3327 1716 8192 1090 5174 1023 2880 7895 677 5052 6780 563 2878 5483 10598 9728 3904 8791 2010 3258 4462 8276 1220 3198 5078 953 1951 8756 8757 5400 3937 6923 10266 6993 7082 4870 6479 10648 1414 1277 1858 8633 4499 6149 1756 7892 667 7893 9543 3441 8631 1750 8411 628 8573 1668 8574 8575 8576 8577 8026 865 8542 1624 2392 5964 1160 7009 1421 5357 3186 3008 1731 9350 4958 5072 10112 2930 6734 4934 2137 8408 10108 10109 1407 1748 8407 8409 1259 2407 8308 1256 3070 3127 4684 4963 5449 5714 6336 6706 6948 7074 7112 7169 7888 9382 10634 662 1137 3782 4000 5087 8410 4970
7942 736 5434 5571 10225 5269 10595 6772 6686 3116 6583 1656 1204 9586 3510 9443 3215 5718 1325 9366 3037 9248 2828 8792 2011 8748 8793 8346 1311 8345 8250 1177 8251 8252 8254 8080 944 7807 560 412 9636 3680 5081 9327 2953 8561 1649 8547 3192 1631 8548 7894 670 1539 7658 5789 7600 3136 2648 2353 9334 3059 6949 2356 6281 9993 5131 3863 6973 4537 1962 3709 2478 7432 99 4431 17 1865 2787 2795 7347 4176 6035 8549 2764 7654 2982 5855 6874 355 5201 7655 7656 7657 3589 4772 101 1989 2337 2841 4766 1274 2977 3128 6523 7147 7149 1453 2115 5901 6296 1437 850 385 623 690 1210 1324 1331 1755 3982 4296 5069 5242 5870 5959 6573 6909 7845 7846 7901 9365 460 576 1576 5224 5834 6000 6355 6787 1041 1650 2635 3774 4996 5740 5884 1171 1247 1770 3129 3759 6783 1605 3452 4083 6620 6753 6775 7599 301 507 657 824 997 2834 2980 3092 3808 5470 7029 7596 7598 7766 9391 3000 3529 5399 5819 7765 1800 5173 8816 2030 8817 9482 3295 10107 5370 4927 9197 2720 3450 4882 6185 6699 7210 9547 9548 8399 4113 6121 4989 4016 10119 8400 3063 5427 1387 3328 6259 8712 1871 4416 4295 2254 7140 6595 10655 6853 5245 10201 5190 5975 3922 9509 3388 7909 700 7910 9053 2454 6911 1640 3170 9434 7868 6892 6680 5249 4096 5682 5403 5024 10139 10138 3842 3766 3175 9435 2896 9281 639 7869 7867 7865 3845 3897 3438 3966 2931 2866 7862 372 3594 3518 1091 7693
1813 1107 8673 8674 9747 3973 3203 2802 1666 9236 8672 9237 6172 8923 3286 3381 7366 37 8924 2210 8925 8926 8927 8928 8572 1667 2075 8832 8833 8586 1678 3413 6397 3798 9745 3961 8834 3725 9177 2703
5592 2228 6458 4338 6220 5882 5086 665 1341 2910 3668 3833 10155 2112 543 780 5837 1646 1754 10376 10281 5439 8194 1094 10387 5895 9800 4127 10102 4877 7883 659 6359 7884 8138 1022 9921 4390 7279 6510 1885 2586 9842 9841 4202 6029 9042 5615 4210 2425 9043 929 8945 2256 5538 9282 2900 9044 9283 8893 2158 7010 7545 249 7546 7547 7548 10481 6256 7309 7096 6095 6211 6376 239 765 7017 210 1620 309 754 8539 2611 2585 5100 4659 791 6484 7182 5973 1510 1689 10479 6253 10404 4896 36 8986 2341 2452 3221 4566 845 10013 10488 6292 2946 359 2624 7207 9086 2519 4261 5458 6317 7301 10541 6534 2685 10393 5922 2620 9878 4267 4441 9879 9880 9810 4154 9480 3288 9157 2672 9101 2544 8246 1161 8247 2806 9241 7449 124 6300 7369 40 7816 572 2221 7570 6443 274 7571 7203 3495 6169 2541 6107 4734 5662 5516 5362 3614 4682 2670 3722 262 6984 6430 6575 6161 6393 2243 1838 2036 8693 7370 48 86 222 709 1940 2072 2444 2574 2575 2794 2885 3010 3353 4457 4540 4580 4692 4755 4951 5096 5228 6302 6507 6960 7143 7199 7248 2348 2053 7317 1406 3621
5798 3564 10372 9685 3807 5471 733 10292 5170 4982 7407 75 8889 2148 8944 2252 6367 9155 2662 4201 9838 9839 9840 8384 2119 10429 6032 8333 1289 7380 53 7382 7379 9908 4348 8386 2455 7681 991 5930 921 2003 5796 2164 2798 5695 1591 4647 7381 6527 7122 1272 1360 4930 6085 6109 7177 7580 8385 8387 8388 386 3167 5664 6016 10336 10422 4886 4507 9979 2312 4946
6602 3633 5786 6477 2216 126 166 6894 10617 6142 6081 4715 6418 426 7706 7491
7296 1304 1773 10653 7121 6001 345 705 1673 4240 5322 10419 7976 3360 7186 8440 1448 3795 9453 3238 6646 7697 4840 418 1930 3 1409 6613 1767 3058 8659 1790 7004 10640 3546 10656 7158 7591 296 5315 545 6926 4114 5969 3296 995 10034 4632 8564 1654 5498 3031 3880 5339 5589 5733 5989 9361 2997 3882 5387 5165 2236 2286 4015 3385 4003 9759 7007 61 9760 4360 2016 82 8907 2183 2671 8097 981 1249 8509 1560 3300 10098 4867 88 9620 3604 9084 2515 1761 8300 1245 413 10353 5706 7011 9409 3131 3646 3667 3095 420 9393 7472 1992 4639 151 2081 6075 6449 7473 7474 9136 1314 5394 5122 678 697 814 1183 1273 1292 3209 3891 3960 10165 10166 10167 10168 10169 7139 2062 3084 3919 5074 5541 7453 7454 9387 129 2621 6008 7268 7451 7452 2377 5054
8260 1192 3887 4073 5586 5701 9714 9715 2580 5641 9713 4205
2471 647 6471 2595 2686 4223 6279 9231 10530 9060 6297 2178 976 4768 4454 6521 10540 2777 9230 9229 9944 6439 4332 6368 6411 10051 4687 3013 8115 1004 4745 4443 8597 1956 4040 1694 8598 1072 5948 10398 2560 10075 4765 9570 3486 4779 7349 3688 18 7348 9205 2739 5451 9598 3538 6357 2060 9206 2740 4601 6545 4159 6233 6490 4836 7745 471 7809 564 9183 2709 6888 8770 1974 8624 8771 8954 2579 8818 2033 4908 8953 2264 3143 111 4861 2625 2650 2699 10096 6331 2446 3720 6116 9616 3694 3600 2430 9892 4290 9893 2172 9799 4125 9631 3639 1263 8939 2237 2192 8698 1846 7128 1217 6394 4396 10000 7084 6977 2171 7448 2934 941 2631 4209 9146 9147 9307 2215 6463 108 4246 121 5919 49 3654 4147 4538 5708 9994 9995 9996 9997 9998 9999 10392 65 1128 2816 4121 1207 9398 3104 3811 4744 7266 10674 2205 2511 4179 4196 4774 5531 9834 2875 9269 160 1735 2716 7289 7383 7485 8622 8623 1914 2190 2682 4233 4889 5037 5415 10275 1969 241
2917 1030 6067 9294 10435 10436 2933 8316 1264 1728 7777 520 5009 10135 9429 3161
3415 783 2867 4078 7747 474
3618 87 1085 9624 10354 5719 1045 3367 857 3302 9499 9500 9501 9502 2032 984 10082 4811 5891 4503 4002 3591 3972 9756 9757 9758 3567 1104 1110 5432 8199 8200 8201 8202 8544 1627 3424 989 9601 3558 9602 9603 5284 1617 3091 8671 1810 2361 5742 6372 10332 5645 1655 3094 341 7632 2274 8565 1707 3742 8608 3001 4636 5678 5652 320 958 3431 5535 10333 9986 4529 5186 9634 3666 2507 7560 261 1607 3864 3971 4080 6345 7090 8527 8528 9783 815 1398 1860 4185 4994 8006 8007 9828 1608 5361 3679 6328 5751 1028 1214 1317 3335 10361 10362 10363 5106 1633 10054 4700 10055 3173 377 5931 1590 10585 6720 2173 6228 1097 1645 7751 480 4716 6585 2915 7847 5276 5809 3548 624 6628 1603 3711 3746 3753 5388 7662 365 6386 7104 4399 286 10255 5378 5952 6604 9355 3020 9549 3454 3644 5738 1549 6681 4953 6584 9583 3505 8047 3533 8044 890 8045 8046 5772 3379 9486 3305 9487 3794 724 1913 9679 9678 5045 5436 10584 6719 9522 3414 9926 5965 9009 2376 5972 1742 6581 10551 3574 2477 7224 8086 968 6858 1835 5062 2404 10151 7947 1413 4403 4584 9927 9928 9929 741 3090 7586 287 867 884 2839 3976 5119 5549 6849 7028 321 6356 2184 2326 2453 2514 2830 3494 9050 9051 9052 9576 9577 9578 9579 9580 1464 2261 3437 3967 5050 6709 9575 3398 3478 5261 2212 10223 10222 7153 7069 3243 3840 3992 6641 8221 1455 8220 2815 8222 1126 8195 1095 8196 8197 7388 56 7389 10553 6590 2461 6412 466 4492 4546 8018 840 986 1376 4053 5909 6900 5595 2932 8431 1439 8594 1691 10083 4814 3848 10408 5985 4797 9310 4626 9935 4426 9992 6108 4536 9311 2938 8227 1134 5104 1154 6856 3899 4769 4722 3118 6299 10489 10076 5726 6712 920 3239 3237 9656 3710 5768 5083 3826 1579 3259 9692 9693 1099 919 5317 2818 2829 5156 5179 9694 5294 8636 1763 4790 951 9484 3298 9485 3844 1109 9085 3867 9031 3829 6814 3160 3813 2516 8512 1568 5850 8513 8496 1534 8497 6266 9289 2907 8019 842 4485 3996 3337 9494 7320 4565 5978 10486 10679 5748 3064 3351 3656 10359 6282 580 1648 3027 3671 5660 5788 5840 4657 495 3211 4679 10037 3308
5379 1380 3459 8395 1559 1101 8508 5716
7575 279 7275 9521 3412 4065 6784 7364 237 1179 7365 34 4032 3692 2729 2905 3386 9641 9642 9643 9644 7337 7400 68 2035 8734 1905 5297 1296 10090 4835 5997 1393 3113 6796 6865 8403 10601 10602 6798 7799 1105 549 5739 5644 1737 10620 6912 10621 5839 4438 1832 2024 7492 8814 9941 167 6950 7142 116 7826 596 4741 7827 33 10368 5784 10369 8649 1782 7625 326 7734 3793 6972 622 5446 6215 6862 10587 3182 5743 4950 415 4116 6721 7695 10586 1319 3358 5265 3502 4089 9582 9041 2423 3721 6301 3085 2263 6014 10420 10421 10549 6571 8303 1250 7730 458 1795 8661 7733 462 1653 2882 6694 494 1632 5243 8550 9161 5281 1428 10228 3370 2084 9503 9647 3698 7934 8001 807 7933 2869 5902 581 5511 10389 7935 728 1647 7752 481 7754 4041 578 7753 3879 6677 519 8713 1872 8714 10547 6563 10548 2986 7776 8269 1206 7188
8041 885 1173 5588 8353 1726 3465 4084 5308 6642 468 509 531 942 1124 1328 1723 2840 3148 3712 3755 3981 5619 5648 6693 6757 6819 6898 7059 7073 7138 7743 5456 6619 6679 3033 749
8634 1760 5112 5687 10345 854 2314 3350 3582 4421 5017 8975 3017 3307 3399 2960 1501 514 5984 6797 7770 7771 1037 5176 6596 6644 6688 6740 6746 8150 5815 3257 3463 5066 10373 8831 2223 2522 5084 6043 6324 3584 4268 4151 1379 8394 3312 8393 2071 245
8648 3077 6184 8647 1781 6877 3565 6389 10509 6388 6146 4581 4727 10455 4622 3634 10030 10293 5477 4037 6615 10328 5632 2462 9057
10079 4792 6664 5938 5101 7250 4619 6190 10671 8271 1209 5933 2396 294 376 9017 9018 9019 9020 9021 788 671 6822 223 6272 10011 4563 10249 5354 3743 3188 8372 1343 9731 5801 5905 9730 3910 9732 9733 5639 734 844 3947 10331 10329 5633 6966 10545 6554 3292 9705 3870 9704 9706 5510 3355 4005 859 1087 1634 3329 9762 9763 3878 2651 9786 4090 3168 1828 5041 3255 7682 389 7773 516 7774 7775 5597 3649 4013 10320 6820 1053 10319 9432 3169 9433 8498 1538 4942 895 8856 2090 8857 3938 777 3025 10010 4559 10416 5996 10417 8382 1359 5572 6634 6340 5773 8383 8533 8530 1612 8531 8532 346 1682
4119 1802 8664 3191 5438 3819 10395 5942 6605 8024 863 1862 2128 2162 3537 945 155 750 10582 6697 5064 10555 6600 3778 10171 5134 9054 2456 8517 1580 8352 1327 8229 1140 8230 9798 4895 8974 2309 8342 1301 8317 2774 7805 2554 559 7806 7712 434 4309 5350 4434 4342 3018 9354 4079 2470 3674 3373 3508 4110 9504 9795 2823 526 7996 802 5472 6732 4945 5248 6924 5968 4117 6836 1234 1410 6274 6403 8412 406 575 469 1266 5208 5976 8318 8319 8320 3619 7623 3950 5808 5966 5697 634 6737 7851 5723 1738 4030 5212 5392 5506 5918 3643 4101 9791 9792 3006 534 9345 9346 9347 9348 5528 2912 3282 5194 5577 6608 10556 582 7820 5390 719 1573 1775 1794 2272 3073 3805 3871 3877 3894 3930 4952 5219 5232 5255 5279 5302 5313 5321 5419 5544 5550 5585 5684 5836 6319 6629 6704 6758 6766 6873 6946 6986 7094 7101 7103 7114 7119 7130 7160 7174 7303 7310 8643 8960 9707 10111 10212 10219 10306 441 461 898 971 1144 1219 1223 1378 1513 1690 2908 3035 3109 3172 3245 3980 4939 5071 5161 5267 5352 5635 5971 6516 6831 6931 7272 7286 7732 8091 8235 8237 8238 8239 8590 8591 8592 8593 9290 9291 9292 9364 9557 10195 10196 10241 10242 10243 10244 10245 10246 10247 327 682 877 1190 1303 1309 2434 2909 3199 3377 3480 3528 3563 3925 4103 5215 5376 6447 1371 8390 353 1299 6980 2805 3267 4376 6657 1786 3942 5225 5336 5570 5625 5757 6569 6864 6875 6884 10236 371 476 632 763 782 1138 2861 2922 3177 3461 3583 3595 3658 3731 3739 3920 4094 4123 4938 5142 5437 5945 6567 7852 7975 7977 9437 9558 9612 9613 10280 504 1203 2944 3130 1215
4319 2523 6101 172 7498 4742 6262 5292 10482 10483 1746 820 8628 8629 8630 5406 1477 4294 9894 9896 9897 10410 5992 2239 5893 4979 9898 9895 7232 5395 4948 3317 2836 2976 3515 4435 9332 9333 3314 3568 4012 5382 9607 9764 9765 3181 9438 5720 1663 8569 10065 4731 196 8154 1044 9701 3861
4649 2789 4172 6342 6947 5340 4349 6088 4502 9907 4345 6239 6582 1908 10552 2618 2627 115 9142 9143 9974 4482 136 10480 6255 4738 4793 4263 133 1283 2070 2188 2330 2582 2780 2983 3477 3653 3816 4131 4171 4226 9859 9860 9861 9862 9863 9865 9866 9867 9868 9869 9870 9871 9872 9873 9874 9875 9876 7236 4197 9864 8578 1671 8579 9235 2790 9132 2608 9933 4723 2688 2667 2398 916 4422 7506 182 5683 8941 2244 4729 8942 9801 4128 9825 6498 4174 2972 9823 9824 8940 2238 9030 6298 2413 7939 1552 7940 2552 732 8904 2180 4102 9793 7552 253 7553 7554 4702 2370 8766 1965 4991 6466 5962 10523 9924 4401 9925 6307 565 4417 7810 10491 5273 6285 416 1866 6031 8963 2289 6284 10672 7254 3729 10431 6045 7269 10170 5126 2658 9651 3700 4515 9410 3137 70 9182 2706 8936 2233 8937 1118 8665 1804 8666 9911 4352 6348 8704 2231 1863 6179 5008 5312 4694 4671 1932 4451 1943 4368 2088 4496 4238 1493 3907 490 8249 1174 4407 5144 645 1129 4086 2503 9079 2781 4747 6012 5858 3052 2427 4595 9045 4728 6310 4448 6106 9811 10447 4155 4253 6398 5613 2506 2615 6092 6529 9082 5061 7192 7325 218 1170 1485 1642 1889 1911 1918 1920 2048 2257 2622 2666 3401 3735 3913 4318 4384 4436 4520 4764 4878 4919 5646 5756 6056 6118 6334 6414 6478 6532 6691 6705 6729 7047 7178 7206 7283 7284 7288 10680 2096 281
5717 668 4420 8849 2082 8848 4195 104 1042 2047 8153 10101 4874 7042 5956 6895 598 7610 311 502 5681 6872 7611 9615 3596 7463 140 7464 7465 6206 2109 6373 2786 1898 10073 5466 5845 8601 4698 6333 6437 7221 10518 10519 4280 5494 7263 4918 283 6538 6975 7194 4758 5025 6518 6743 7092 10072 10074 58 658 8023 861 1999 3924 5309 6546 2089 4802 9931 4413 9158 9144 2628 8081 950 4199 4446 4800 9835 9836 6246 4244 7208 7642 2498 2673 6399 7648 9090 2529 2779 4212 4781 9233 2534 4286 2177 2539 8961 8962 9889 9890 7489 165 2276 7488 7490 9849 4234 4674 3608 10045 10046 10047 2028 855 8905 2181 9115 2562 6127 4859 4992 4231 6524 5 7330 2605 4717 6492 3883 4391 1494 8255 1178 3107 5230 179 5949 6702 1281 2253 4232 4235 4672 4860 4433 9425 3152 9424 9423 1979 8174 1374 3968 8175 1065 4582 806 6542 2971 10543 9133 2609 8711 6647 8710 1870 7746 2465 2533 4881 7645 472 2481 4625 9822 4269 4169 10085 4819 9830 4187 9831 8935 2230 8825 2059 8715 1879 7649 8639 1766 8638 9661 3762 4941 2140 8819 2040 5569 8092 974 4468 7493 168 357 7487 162 7331 6 3009 2970 5814 887 6674 9670 3776 9121 4425 4579 5724 6160 6809 6824 6855 6891 7414 7504 80 180 348 423 601 1417 1939 2247 2258 2405 3672 3977 4072 4181 4207 4252 4300 4378 4381 4732 4815 4838 5075 5233 5407 5692 5883 6480 6487 6655 6833 7113 7217 7223 7505 7643 7644 7647 8956 9024 9779 9917 10091 10667 265 1182 1507 1727 2117 2587 2638 2652 3054 3228 3320 4265 4363 4851 5416 6047 6207 6269 7164 8617 9023 9120 9151 9152 9913 6549 2518 1985 2313 4160 4334 7335 10 3549 4302 7334 7336 6786 1189 5690 8231 1372 7646 6038 4809 7264 6349 1695 4524 8599 4402 4039 2573 8600 186 4740 4545 3240 5983 10388 5898
6857 4689 8029 8031 4987 3939 2520 9740 9739 6094 9536 3428 2791 6391 5389 871 8030 6937 8827 2067 9027 6781 5332 688 10391 5904 3740 6241 4341 5573 10256 5380 10257 6176 3097 4227 6260 9394 6288 142 1 7957 3224 7958 769 7959 7965 3483 6752 7963 1122 5220 7962 1075 2973 3162 6936 7960 770 7964 7966 7967 510 2848 7961 8040 5105 6570 6813 333 1441 10609 1521 6580 4006 8170 3178 8171 1060 8172 9444 3222 8038 6940 4928 1232 6979 9351 3011 8036 1574 5222 5853 8035 883 7863 7864 8037 8039 8696 1845 8697 7399 67 3647 10163 5117 5822 2359 9002 8930 2218 4531 5486 9987 9988 8151 1038 4242 9075 2961 3927 4864 5525 5811 9076 6537 2492 7260 52 918 9081 2505 7499 173 362 6491 6500 1917 8737 4411 4371 2402 2496 3695 4533 4828 4855 6070 6363 7044 7151 8378 1352 3076 4152 7202 4735 6424 6741 7261 7416 83 1165 2282 4612 10272 5408 6195 5027 9063 2479 9064 9065 9066 4004 2891 9761 10600 6793 4106 10302 5536 947 9585 3964 5844 1877 1874 6880 5250 9584 3506 8784 1998 8210 8783 4278 10513 6416 8118 2487 8119 9072 9771 4050 9510 3391 9511 9512 9513 4453 9943 8895 2163 1924 10457 6155 6441 7355 25 2061 4189 8826 9832 214 8327 1285 2042 8211 1966 4739 6321 1117 917 8208 8209 7354 797 6870 7056 4215 2395 2602 6932 3818 1363 6193 380 2785 1013
7929 717 2683 4794 2769 3889 4691 9717 9718 9719 9720 9721 2251 7061 5780 10622 6919 7995 5420 5501 798 5227 3456 3219 9551 9552 9390 3088 6773 7896 685 7897 7898 4404 3754 5175 2323 8116 1010 8117 10323 5614 9751 3988 4583 4787 3068 2410 5611 6204 2135 3382 5443 9505 10287 2482 7116 4522 9506
8012 827 2842 5026 8152 1040 6265 6700 587 2969 6840 4965 584 6626 9261 2855 3750 9262 9263 888 8406 1404 9271 6594 7699 421 5307 6685 3550 6636 5546 3737 3956 7821 9743 1606 2877 3687 10277 5429 5461 6134 7018 10476 6238 9669 5012 9658 3736 3773 9668 3210 9789 4098 6841 7866 5762 959 3473 1032 9561 3247 923 9691 3824 544 8240 1151 8164 1052 7979 787 5753 599 8948 3135 1187 4061 5203 10205 4068 9775 9774 3142 8951 2259 8950 8949 8947 7179 7034 6834 5766 1020 332 8946 1419 10658 7168 10659 1910 1524 8736 4561 8785 2001 10348 5699 3682 3625 2857 3771 7002 8077 6918 8079 1248 5783 937 8078 983 1641 656 6245 8302 6983 5686 9514 3394 10564 6649 5953 1592 7603 7604 306 1251 5214 4863 7247 6475 7246 10670 8983 2336 7227 8535 1616 3767 4957 7005 9400 3114 8176 1068 2546 1922 8057 9102 9103 3457 497 9553 10137 5019 8055 902 3050 6763 8056 10594 3342 9495 7064 511 6718 6747 9277 2892 3164 5827 3407 6614 7601 7055 5977 305 6603 7602 430 10565 6650 5077 9749 3986 9750 710 8499 1542 8178 1074 10358 5745 6789 5746 8979 2332 5654 2581 8106 3261 7692 405 5885 5447 9238 2803 4575 5425 5316 451 6807 3336 5328 5476 3227 3536 5610 6687 6887 8359 1336 3946 6805 8234 8360 8361 652 5006 3363 4070 8487 10134 7141 899 1522 5199 5925 6360 4063 1454 1516 3060 3611 3715 3832 5013 5018 5178 5607 5628 5680 5806 6592 7801 551 5650 3609 5492 868 764 3293 3983 4997 5367 5935 6606 6672 9481 10123 691 909 1298 2817 2845 2854 3043 3396 4024 4975 5908 5960 7856 7857 7861 7902 8340 8341 9244 9253 9254 9255 9256 9515 10401 637 792 990 1308 1518 1685 2936 5700 7854 7855 7858 7859 7860 8488 9309 10349 771 1550 674 3268 3676 1131 8107
8391 1515 6566 8392 6593 1377 2995 5396 8124 1491 8912 2197 1255 8879 2127 7588 292 8125 1018 8126 8128 8129 8130 8131 8132 8133 8134 6314 185 4707 9466 3265 4312 4704 1672 8580 7664 368 9169 2696 9170 9171 9172 9173 8728 1900 2637 4450 7904 4576 6612 7297 3520 7131 9837 4200 8032 872 45 5563 604 2623 4816 10309 10310 10311 10150 5060 6329 3944 4144 5221 10500 6956
8786 6028 6208 10473 3806 8787 2006 8788 1361 2755 198 4213 9844 9845 2694 9168 4718 10060 10088 6536 4834 10089 4730 10064 6632 949
714 57 7057 1473 2853 3835 8193 1093 4385 3144 9412 9689 3821 1224 6212 3472
2227 1895 3242 7458 132 2583 6197 7457 7459 1783 6788 8650 5320 3662 5907 4884 1175 7218 154 579 1551 2155 2591 3786 5023 6098 6460 6631 10665 10666 6765 231 4277 8404 2051 1400 7086 8794 2014 9630 6003 3637 915 6591 1169 6515 10554 7037 3151 4648 10645 1615 6504 10284 5442 10285 10286 7027 1396 2345 10642 26 910 6624 4782 10559 10560 3072 2270 10346 5693 4088 6852 3078 7614 10613 322 7615 7616 1459 5299 589 1035 1532 8494 1529 5057 2967 2799 2260 1938 8745 8640 2400 2553 1774 8641 8642 7109 243 5300 5744 7543 5091 4304 10156 10157 3908 1688 9331 4018 7823 586 6851 7824 5381 590 3542 7825 3117 9299 2920 6842 5712 6821 8050 5102 7152 8049 892 8632 1752 5637 10330 3985 1176 8887 2144 8380 1356 9496 3343 1062 8442 1452 3645 3469 683 3836 9560 10127 5003 8263 10128 10129 3823 7952 760 8033 874 4706 236 3241 10056 10057 10058 9468 3269 9469 9470 630 387 7849 3028 9374 3047 7887 1012 6639 660 401 7885 7886 6879 7804 553 6616 8213 1121 10357 5735 8219 1125 3765 1391 9663 8262 3772 8264 1198 3555 8265 9600
5181 317 5502 3850 5673 3208 8762 1959 10498 6326 10499 4025 9633 3665 1433 7811 566 2408 9025 9026 1815 9737 3931 5507 5587 6952 8426 799 1475 5270 8244 1157 4308 9593 3521 2804 1276 9239 9240 8607 1703 3460 9555 9556 3357 9367 3038 7899 686 9655 3706 3576 2819 9609 9342 2996 3304 10675 7294 9163 6483 2680 7282 914 2193 4285 4510 5151 5264 6444 9162 9888 10224 912 3430 10211 5217 4654 9604 3560 9372 3042 1364 7536 234 8740 1927 9154 2660 1997 8750 4373 6091 2761 3313 1070 2884 398 6525 4299 10172 6827 6243 4175 7013 1944 5440 5417 10282 5345 3471 3756 4026 10238 8021 852 1253 5136 1553 7836 606 6565 6560 8074 4093 5622 1706 1825 5056 6588 7187 8075 934 6762 6812 10593 3111 4036 9399 1514 1816 7744 470 6252 8701 5860 5068 2200 1659 4035 395 1853 4366 4466 8914 1839 2497 6425 6068 6987 1474 9916 4377 2248 228 2038 9216 2754 4955 6059 9662 3764 9194 4606 9080 2504 8183 1080 2310 2102 6903 7257 4141 1950 393 9193 2721 7541 1926 4038 238 2883 21 1279 6237 1921 4473 5272 6467 8738 10226 229 2719 2098 2639 9191 9192 9195 9196 4590 7401 2357 3176 9000 4736 6283 6171 2166 2736 3271 9472 3857 9203 5291 961 69 10067 9436 7043 5116 9204 4374 6053
7100 5600 7815 571 2419 4105 293 1375 7589 1318 7040 3455 3369 9550 7675 375 796 1148 1368 1621 1734 3202 3262 3375 3940 3963 4020 5137 5464 5554 5800 5854 6558 6904 7661 7676 7677 7988 7989 7992 7994 8540 8621 63 363 455 1116 1147 1362 7727 8207 7993 6778 5817 5089 4087 3447 9546 3322 3121 1164 3126 3745 10424 6020 6313 1899 10018 4586 785 7694 7990 7991 414
7462 139 7509 189 7511 4033 3561 5030 3229 7532 233 7533 7534 9189 2714 2800 2384 1945 7510 4130 9710 3884 5049 7394 2584 2644 7392 2432 7338 11 3074 2249 7395 7397 4826 5058 7391 60 7393 7396 8798 3159 6240 2015 8795 8796 9883 4275 4358 8797 9848 4222 8751 1946 5371 4400 6501 2612 6060 1619 4810 247 8867 2113 6295 4140 438 1681 9806 9807 6006 2500 3378 5413 5163 5314 2394 5253 9016 4506 1450 4344 4967 6202 7233 8232 10472 1141 2570 4283 9886 9887 1819 2209 3030 2993 1103 2120 7226 9341 10668 10669 6432 7189 31 618 3965 4617 6971 7842 7843 7844 10027 10028 2690 5128 9165 2290 8964 6138 4327 6275 6658 4915 10317 5590 4726 125 1638 8551 8552 8553 8554 8555 8556 10063 822 9395 3100 9396 9397 10198 5167 6930 9794 4109 9597 8761 1957 9611 3581 3069 5133 4585 7592 297 4640 6063 9339 2989 4743 10103 4892 7299 6224 10676 6607 6428 7561 267 7562 7563 7565 7566 7564 7567 8938 2234 3974 8259 1184 1960 9388 6128 7375 4137 5200 6090 47 7376 4899 4905 1896 4474 9967 9966 9965 6551 6055 5835 4161 3534 3333 931 2634 498 3331 4788 6682
7795 542 7518 199 529 5311 5689 5804 3003 4355 4844 7708 428 7709 5954 4985 9563 4303 6553 6759 3838 3125 4031 1342 4248 4866 6315 6496 6511 6818 9854 9855 9856 110 3321 3626 4724 4752 2654 2751 6248 1856 3057 1168 1366 3987 7778 408 1886 3481 4292 8720 9562 839 2327 8017 164 4406 250 7368 38 7367 9899 4305 7476 153 4019 5634 3705 2979 1811 6451 7333 5612 5636 5067 10152 6795 4823 7549 4138 1517 2659 3012 9352 2937 1446 830 1158 5229 10217 1508 521 8 2599 5496 7779 10646 7041 6854 6493 5878 1732 10386 5889 6409 2378 3788 5582 7716 7097 10651 5776 5576 4509 9980 46 2308 5359 5542 5767 6113 6227 7132 10305 3535 8330 1287 9660 3751 8984 2895 8985 2339 4326 3393 927 9652 3701 8059 904 10042 5335 9610 3577 5672 9344 3002 8615 1722 7715 1243 6415 4279 9884 5237 6183 10461 7903 692 6486 6083 1067 3853 3605 508 7423 95 107 1934 4628 4761 6939 4661 533 2888 10039 419 436 517 619 801 894 1033 1064 1504 1583 3134 3216 3289 3347 3593 3661 3738 3858 4027 4064 4517 4663 4931 4977 4995 5014 5202 5262 5346 5530 5545 5782 5802 5849 5926 6756 6850 6885 6890 6925 6934 6944 7019 7033 7052 7063 7066 7117 7145 7698 7713 10040 10041 10239 10301 10377 10378 10591 105 424 673 675 828 853 869 960 1098 2318 2717 2850 2890 2902 3112 3421 4055 4146 4478 4660 4966 5121 5474 5537 5580 5608 5627 5728 5785 10164 10303 2074 2315 3150 5210 5331 9729 621 1373 2868 6158 6905 1002 3652 4108 5479 5779 5961
7891 3212 666 8363 1338 7281 2275 2334 4192 374 7446 118 7447 1829 1466 1479 8687 8688 8689 9314 2943 9312 9315 9316 2939 9313 7594 1191 7593 706 1435 298 9130 3402 6200 4746 9131 2603 875 8828 2068 8829 8179 1076 8180 4618 928 938 636 2052 4320 8998 2354 4306 4557 10009 403 8482 5704 5847 8478 1503 8479 8480 8481 8483 8484 8485 8486 9376 3053 9377 9378 3885 2872 2942 9711 9712 9635 10154 5085 4180 3677 8181 1078 8182 6541 4445 6290 10542 10298 5504 7512 190 6445 6361 4885 404 7461 135 1891 4288 4686 7762 496 7239 7812 567 3184 1242 1610 2985 5566 5900 6715 8061 1458 3979 6711 3093 9392 907 8060 8062 8063 772 9373 3044 10474 6214 4935 4627 8257 1791 6577 4353 5980 6976 6997 6294 4653 5111 2232 1484 9349 3007 6954
7900 687 858 330 5138 3896 6982 7705 3757 846 1540 1575 8002 809 5184 4380 6717 7723 7136 5465 808 672 445 6683 7724 8328 1286 7640 8329 7519 206 4237 3760 10299 5521 8663 4748 2091 1801 8987 2343 6735 3921 5917 707 5520 319 3936 5863 1007 1768 3462 751 1498 5148 3220 10175 10176 10177 6801 443 450 905 932 1355 1430 1541 2974 3214 3466 5469 10603 10604 10605 10606 7781 6777 528 1561 3196 3664 5139 5296 5330 5805 5914 6669 10596 5195 3089 10203 10204 7936 729 7792 538 10635 6953 3372 10562 6635 7667 1162 1837 7670 9746 3970 8306 1254 8307 10161 5236 9770 4048 9614 3585 8612 1715 5453 10288 8568 1661 7668 1758 7652 4973 352 5051 680 3205 1753 7666 3451 3696 6351 1073 1330 5132 1278 8324 3039 1058 2849 8167 1506 8058 1306 6742 6921 4383 588 1798 6825 1181 6652 3812 6992 1108 1759 3096 3206 3387 3547 3640 3827 5110 5304 5428 5445 5482 5485 5629 5730 5774 5848 5920 5950 6556 6799 6860 6961 7058 7161 7180 7641 10296 10297 10546 10637 302 347 370 388 522 540 826 1008 1111 1163 1227 1562 1684 2189 2821 3183 3233 3617 3678 4010 5080 5145 5913 5981 6708 6965 7146 7665 7669 7782 7783 8589 1489 3809 356 5088 5598 6739 6988 7659 10321 3349 3303
8461 6350 8462 2002 4920 8463 1482 8464 8465 8931 2225 7229 5452 2734 2589 6054 7569 4856 6082 7157 7225 7238 270 5508 6811 1808 7433 2578 4133 102 29 1851 9234 4191 6141 6543 2567 2784 4665 6519 10537 2626 10599 6785 6222 7998 804 9358 3029 9359 9360 4976 2636 6325 6667 4442 4662 9942 5140 6189 5513 44 3527 4414 4490 4656 5042 5129 5721 5924 6079 6175 6182 7123 7154 7167 7308 7328 7374 273 2698 3056 3610 4432 6974 2301 7323 1307 3475 4759 4806 6555 7265 10273 5410 10274 7306 913 4554 5252 6102 7054 6767 5873 5172 10200 2449
8820 2372 9007 6436 5861 8312 1261 9160 2675 2022 8010 823 8011 7974 781 10268 6867 10106 4924 4182 2630 4059 3733 3723 1779 6638 7106 7252 7015 6754 7973 5404 10269 535 3384 1519 6050 6429 6069 6039 5915 6049 10432 5475 4890 4555 4459 2722 2046 847 2271 3817 1972 1982 8777 8776 8775 843 4638 3843 7390 59 7228 2594 8749 8082 952 7290 9683 3801 9684 3586 7558 258 7060 870 7242 4630 2118 4598 10033 4329 2914 6254 10660 7183 6489 4813 9498 3366 10487 6289 4315 2693 4523 9984 9249 2831 9736 3929 8705 1864 6617 3448 10557 10558 5624 1444 7496 2809 9242 1765 170 1876 7494 7495 9246 2826 8433 9247 10438 6076 9903 4313 10308 5556 9213 6803 9212 2746 7757 592 7685 488 2820 9245 7758 391 2765 1971 9219 5423 9978 4500 5360 1878 6338 2009 9805 4132 4760 4251 9858 8731 4293 5240 8732 1904 8733 7517 197 2121 6369 9948 4463 9949 6442 1919 7440 6084 5999 2763 10136 5015 205 7500 174 8844 6110 2863 122 8695 1844 7065 329 2788 8965 2292 6508 7353 24 4491 6999 4136 6473 4297 2381 1849 6539 9843 4203 6303 10597 6779 10095 4850 10077 4776 9950 4464 9881 4273 9882 137 9857 4249 9637 3685 2103 9252 2838 9117 2572 8898 2170 8899 8843 2077 7497 8759 1955 8760 8309 1258 7515 193 7516 7508 187 7507 7444 117 7445 7373 43 7372 9735 6782 9489 3309 6037 9232 2778 8437 6135 8436 4610 8299 6087 8242 5323 7525 212 6996 7439 2750 7340 4858 5794 1983 5266 207 6219 4932 3122 3714 5193 611 1884 4705 2491 8747 2707 1635 2429 2382 9010 2463 2328 485 1696 217 6371 9954 4843 7220 7980 790 800 6907 97 6225 7255 2045 6273 10673 6046 2208 7134 2018 1347 1316 8375 5821 3839 3895 4872 9109 2756 6426 6845 10611 213 2550 4539 5522 6027 194 2424 4322 10426 6462 3252 4556 5053 561 1841 6908 7021 7305 7322 106 2063 2279 2422 4157 4548 4604 4652 4767 4907 5702 6251 6385 6731 7214 7256 7435 10477 10478 2406 2457 2695 3949 4513 4528 4587 8694 9056 2174 2347 3874 4256 4880 9055 1909 2545 3163 3796 4683 2684 4307 2437 9900 9901 7163 2569 3926 6178 5287 7150 7313 7316 7319 7339 7302 7249 3991 6022 10425 7102 6181 10460 5936 8595 3613 4817 6452 6244 4568 4467 6213 112 4869 4409 4719 7244 9910 4351 5239 9752 5499 478 7209 10664 8469 6137 4842 10093 10092 4272 5082 5816 276 2677 4357 9912 2613 3928 4239 9850 4567 7212 4623 10031 3631 1906 7312 8735 2747 192 1240 1382 6689 2321 2657 2674 9159 1625 2007 3638 4386 2724 1447 8439 8438 1967 8767 2542 9099 9098 2495 4162 2588 2371 7235 513 7769 8397 6347 6506 4335 2649 9150 2278 2123 146 93 2735 9202 7420 7421 1487 7572 5547 12 7437 2043 7438 7436 9958 9957 9956 9955 9953 6378 9952 1978 2568 1077 32 10084 1912 2064 1693 8596 1241 4845 6671 679 6481 6465 4613 2508 1578 10678 7280 6015 1769 2679 1915 1953 2217 3299 4775 6062 7219 7295 7513 7514 344 4424 4733 6552 7231 7287 7292 7636 7637 7638 7639 10066 1823 2031 3514 4514 4664 4703 5829 5911 6042 6105 6112 6226 6427 6469 6745 6815 6830 6835 6878 7091 7278 7293 7327 9591 10446 10450 144 181 1152 1418 1941 1958 2041 2246 2288 2576 2691 2807 3147 3439 3659 3707 4440 4757 4778 4837 4913 4968 5872 6096 6341 6413 7038 8241 8398 8432 8746 8821 9118 9119 9415 9416 9417 10070 10071 10440 10512 42 177 215 254 613 1442 1975 2126 2499 2535 2732 3918 4156 4488 4608 4876 5430 6353 7555 8434 8772 8773 8774 8877 8878 9734 9975 10501 10502 2460 4289 2501
8981 2730 2335 8980 8982 4255 2792 2304 8846 7813 2021 2080 8847 569 6129 1928 2196 64 9829 4186 6322 204 2195 2436 2549 3905 4362 4807 4980 5283 6154 6230 10495 10496 10497 4725 156 6196 10467 10468 10469 6164 9951 4465 5401 157 9827 4183 9741 3955 9742 8343 1310 8344 7557 257 7520 208 7521 7522 10524 7098 9904 4316 4470 9959 848 8780 3523 1991 8144 1027 2367 9006 7363 30 6503 3815 10526 6472 2179 7422 94 6119 5155 4812 4785 4228 2388 6423 10515 2767 3675 1981 8799 2017 2352 3799 3315 4713 6271 9013 2389 272 6468 9 35 145 216 339 669 940 2058 2085 2142 2146 2486 2493 2726 4067 4530 4709 4865 4894 6026 6064 6100 6126 6156 6180 6358 10525 10527 6438 3260 4479 7321
9181 4148 9178 2704 9179 9180 1942 1394 367 5010 878 1434 3784 5040 5090 5564 5694 6802 7078 7081 7626 328 1167 3440 6804 7627 7628 8248 350 646 713 7651 7871 10254 5377 6470 1357 4777 10528 10529 7118 3691 2899 9640 1868 191 8708 8709 7932 726 4354 746 2099 2211 5059 6140 7191 7215 7949 10146 10147 10148 10149 4398 4685 9812 4163 4558 6352 1996 9448 3231 4808 4388 9920 8102 988 1145 6876 3334 1063 1321 8880 2130 226 2281 2604 5876 957 1923 2733 2874 8739 8929 9268 256 2220
9207 5559 2741 9208 8334 1290 8779 1987 4168 9818 9819 9820 9821 5963 3015 4014 5048 10402 8089 1586 361 300 9483 3297 3703 9654 1185 8511 1566 2299 3392 4092 8443 1456 8084 996 1596 1850 2825 2952 4947 5337 5843 8005 9321 9322 9324 9325 9326 813 965 1425 9323 3716 2414 964 9032 9033 9034 7999 805 3254 8000 8670 1807 2474 9061 9336 2987 9062 9337 3783 2153 1395 10619 6901 4052 9780 4074 4645 10503 6354 10504 8203 5890 8090 1046 3200 3875 8204 1112 9671 4572 9037 2418 9716 3888 3545
10032 4629 8813 2023 8377 1349 3022 7031 3086 6698 10644 5777 4956 7012 4143 5881 1567 1743 3082 3263 3400 5065 5154 5448 5467 5484 5503 5599 5778 5790 6625 10178 10179 10322 615 1213 1724 1744 5149 8274 7046 7067 6869 3079 1628 8545 5927 5832 3562 886 3556 9559 3468 6332 6832 7124 3847 1601 955
10462 6733 10463 6187 9029 2412 10003 6395 10004 4543 6381 221 1339 2165 2194 2262 2346 2525 2563 2689 4592 4737 4784 4801 4841 5710 6044 6114 6145 6422 6989 8349 8364 8365 8366 8367 8368 8369 8370 8371 8896 8952 8988 9088 9089 9164 9932 10019 1322 1954 2532 2837 3571 4415 4678 6320 5737 6938 6440 9091 2531 7023 9092 9454 3246 6994 8339 6561 8338 5278 1295 10002 4542 9270 4596 5218 1465 1747 722 897 1408 6384 2876 8989 3912 7535 8997
7345 16 7346 7408 76 4321 1980 2219 4220 9905 2086 1340 8852 8853 8854 8855 8851 2273 2420 2296
7470 149 7930 723 1226 4609 364 2284 2656 10024 7471 1657 8679 2558 9317 2945 9318 10454 6132 6448 4250 2277 7241 7277 5995 7230 8682 163 5770 7259 5562 6247 7240 7529 227 9945 4455 9176 2702 4367 8890 2150 8226 1133 8681 2167 8389 1370 8692 2298 5651 1836 7197 2005 3622 6152 7378 1875 2464 2700 4429 51 7377 7190 4247 6111 6235 10448 10449 10662 5409 8675 1814 8676 8677 8678 8680 440
7531 232 7460 134 2559 2044 9111 9113 9112 7200 10583 6707 7660 358 4495 5602 6229 9976 10475 2344 5761 2000 4631 10367 7329 2 8977 2319 4049 5638 2360 6024 1106 7477 4669 6074 4712 2176 3390 10059 9776 4069 6249 7478 158 7479 7480 7481 7482 7483 7484 10087 4825 2079 9122 2598 10433 6051 7568 268 9809 4153 5642 10218 6077 6365 2488 5231 6404 7527 220 8626 2450 1736 8625 10465 6194 10466 8020 851 8943 2250 7874 3180 7872 648 7873 7201 2141 4615 7170 8885 10025 10026 9105 2548 8752 8753 9106 9107 9108 7679 381 6837 5838 4670 2879 7311 10677 2201 4512 1843 7304 2097 4857 100 1429 2012 2124 4301 4868 6199 10471 4149 5286 7822 585 3734 3587 4783 2556 8604 1701 4389 251 10062 4721 7582 3145 7584 284 2852 7583 9258 9259 2811 9260 3670 4477 4343 9427 9970 6375 4258 837 2145 2285 6192 6318 7008 8888 138 8768 1970 3551 6958 695 1188 1709 3917 10636 5896 727 3102 4936 1528 1714 2824 4060 5185 10110 2645 4028 5886 6917 6540 4998 3499 4611 3344 1351 6258 7726 7181 5533 4912 2643 2331 2213 454 3156 202 10396 5944 10278 5435 10279 10143 5047 3532 10035 4644 3984 10029 4621 8691 1833 8543 1626 8405 1401 7759 489 7475 152 7351 22 10588 7285 10451 6115 6157 10442 6104 10252 5368 9074 2490 8455 5797 8233 1143 1297 7503 178 6168 4456 9946 4560 2725 3993 2065 3479 768 3132 638 2770 62 188 39 4789 9516 3544 3713 3397 9517 9518 9426 6410 7258 9330 2962 5505 8104 1797 2681 994 1049 1948 3580 6843 7624 8105 8754 4370 6143 4676 1855 6893 4331 4428 74 3410 5941 9520 482 4534 2607 289 1852 3376 5874 6942 2640 7110 10633 2999 4 3149 6034 9343 9418 9419 9420 9421 9422 3251 3101 9455 9456 9457 6488 629 2782 6482 10533 5820 811 1594 3916 832 776 1788 1194 8654 8655 8656 8657 6330 6007 6990 7318 10638 3283 4190 4929 5865 6623 7267 9833 10381 422 1530 2322 3491 6609 9573 1745 2925 3814 4571 5781 6073 6366 6099 96 2442 2661 2991 3779 4085 4274 4336 4489 4602 4633 4902 10441 10443 10444 10445 5939 6656 7714 5869 10383 7650 3909 6464 4862 10097 3629 1436 6738 7273 7581 6610 5676 6387 6589 5244 7621 3856 1471 3501 4829 739 2266 3294 8430 4257 7172 7050 3157 3235 9449 1840 9428 8073 2399 933 1880 1180 5398 1686 1947 2049 1389 325 2538 684 967 3171 8427 1925 8429 8955 1113 410 2369 1757 2206 8428 1350 1834 349 3859 10572 10571 10570 10569 10568 5097 5016 4933 3989 1146 1100 5605 5670 5831 5979 5987 6250 6267 6535 7185 7193 7622 8256 8258 8452 8453 8454 10264 10265 10405 10406 10661 10663 295 399 505 524 1842 2245 4166 7590 7784 7785 3825 3371
7797 547 7798 7735 463 7818 574 3749 1420 969 8418 8419 8420 8421 5617 7755 3443 3911 6564 483 3158 3250 7550 252 7551 2224 5000 360 5713 4798 9574 3493 6943 5807 6093 10038 5241 2551 103 4847 6131 7434 9110 379 1385 10159 5098 9476 3276 5333 8348 1315 7071 2941 7095 4635 2965 8584 3852 2886 6861 5076 6380 5828 5489 620 3681 1572 1402 8516 3204 702 2859 6723 9442 6692 2958 5552 6896 10580 1789 8658 1675 644 1680 8582 8583 7077 411 1265 5500 6968 7796 1383 3954 5043 6922 7108 956 546 7127 7761 493 1778 6568 4921 9769 4045 8467 1486 1083 1462 896 631 5005 9402 8635 1762 3115 3906 8468 9401 9403 9404 1335 1488 3120 7093 10356 5734 9981 4516 8472 4011 8121 5912 5188 6574 6662 10575 5928 5385 10260 10259 7144 1496 8476 8475 8474 8473 4112 3389 5548 3828 9695 1480 447 8471 775 3770 5626 3834 3187 10337 5667 7908 1438 4471 2540 9960 9961 9962 8267 3830 5490 6217 3903 1729 9725 9726 9727 3323 2055 8567 9492 8266 1199 4057 5879 693 7905 7907 8214 1123 8216 8217 8218 8958 2268 8215 10326 6017 10327 5623 10325 5431 7415 81 9145 2629 3522 5842 4547 5209 6400 10510 1081 6362 10505 7556 4170 255 4054 9069 2484 2757 9217 3636 8861 4346 2100 8862 10235 5334 8325 4943 3041 2287 9369 9370 9371 10494 6311 7748 477 3511 7418 91 3249 2913 1581 5736 8189 1916 8521 1589 8522 6955 8191 6648 5640 9488 3306 748 8245 1159 9430 3165 5021 9431 1595 9011 3543 3539 7523 211 6502 9368 5529 3040 8957 4600 3513 936 1127 3190 8076 8223 8224 9439 5196 9440 3301 1422 978 8422 515 4066 5183 7772 743 3055 3777 4504 4569 5478 10014 10294 8236 3898 6915 5880 407 3464 5135 10385 6991 1200 3498 6216 7003 3804 5412 5473 6791 1593 3923 5063 5235 5621 7062 10220 10221 1660 2385 3046 3575 3579 3810 5856 6750 6769 6839 6902 6957 7686 384 392 568 1088 1282 3110 3744 3865 5226 6058 7524 7680 8190 9702 9703 10216 873 5517 609 789 4475 9968 9969
7802 552 7803 8425 1431 3352 7906 1449 9544 3444 8976 2317 8858 2093 4763 7526 219 4651 9139 2617 6159 9104 2547 6123 10453 9100 2543 4897
8173 1061 9067 2483 9068 8921 2555 6277 6232 2204 9787 4091 6125 6497 171 1150 2214 4330 4505 3066 2034 4245 4831 7456 9853 131 2025 7455 9223 6231 9221 2768 9222 8651 2676 8085 966 1902 8730 4350 1135 1892 9909 5957 810 4188 5159 6390 8003 1949 4900 8755 6457 6450 10521 8769 1973 4680 6433 7234 4259 2039 10490 6306 9340 2990 5754 6899 10618 1412 8016 835 5369 8669 1806 1119 10407 5982 7653 354 849 9490 3311 8332 2950 3174 9320 10615 6882 9008 2375 752 8875 2125 8876 3526 1312 8291 1235 343 9301 2924 8909 2186 8331 3497 6998 3975 3791 2329 3730 4710 4786 6280 8978 9657 10078 10485 3213 506 7764 5658 383 2468 1988 4677 10049 4444 8546 3408 3516 2355 8999 1149 314 794 1784 2198 3997 7984 7985 7986 8913 5871 5295 5491 10384 4978 5258 7032 7053 8477 6927 6562 6794 6963 6637 4099 5325 7613 6816 4960 3446 5583 3554 3426 9535 9534 9533 3277 1500 5916 1432 5268 3509 654 7882 5810 8027 3651 3197 1043 417 7696 400 1288 318 1390 1629 1019 8135 2139 457 3427 6002 5120 4206 19 10115 5397
8272 1211 8273 7808 562 5887 7736 464 7737 7738 7739 7740
8396 1381 8022 860 3599 617 2710 8042 889 8043
8460 1481 9648 3699 9649 9650 10464 6191 4230 6173 2513 6025 6133 9083 4139 3411 1302 625 704 6810 7848
8653 1787 5553 6446 4714 10520 8845 2078 2161
8699 1847 689 397 5191 10202 856 4007 3747 8700 6379
8718 1883 8719 5459 5454 10291 8778 2596 1986 6476 879 7403 3416 8136 1467 6057 1021 8137 5759 1933 4923 939 3761 5305 10105 3854 1367 1036 881 8147 8148 8149 9047 2783 3075 2443 9048 10365 5755 3941 9698 3846 10229 7111 2433 2411 5256 8995 2528 2349 2136 2149 8990 8991 8992 8993 8994 7853 635 793 979 1269 2919 4597 5722 7981 7982 7983 8228 10355 1139 4058 784
8722 1888 8723 8724 8725 10234 5329 1741 1348 8376 4339 6651 1812 9389 3087 10312 5567 10313
8863 2104 8864 2641 175 9646 3697 4577 3470 7501 816 1216 6714 655 5515 9475 4460 3275 8520 6005 1588 8519 7817 573 9166 2692 9167 7793 539 6512 6730 6751 315 4693 10590 5094 4616
8910 2187 130 9295 2918 9296 9297 9298 259 9766 4017 5254 4883 9123 2600 195 1271 2235 9124 9125 9126 9127 9128 9891 4287 8297 3361 8850 2083 8294 2132 8295 1238 8296 1740 184 8627 5033 8140 3557 8143 3380 8141 7026 1025 8142 9906 4333 2711 3892 3099 8729 1901 2265 9004 2363 9816 4165 9817 9922 4395 9923 9767 4023 9934 4423 8423 1423 10290 5457 7419 92 6010 9070 2485 9071 9087 2521 4372 9915 9138 2616 9137 8683 1818 10209 5206 10210 8435 1445 2374 5363 10048 4675 4134 8158 1048 4314 9813 4164 9814 9815 1193 8261 4115 9796 4452 4254 10400 6392 7326 5958 4493 7441 113 6286 7931 725 4412 1677 819 4461 4833 8008 2426 8830 2069 4893 2653 263 6162 2642 10458 8298 1239 5967 10403 6065 4135 4193 5411 10434 3362 312 1386 6578 7413 79 4145 5787 7412 3284 836 972 3124 9479 7720 442 5070 7719 1662 10654 7125 3014 10641 7016 10614 6863 10270 5405 10271 9902 4311 6633 9639 3689 9005 2364 242 8969 2294 8932 2229 8933 8934 8379 1353 7763 501 6695 7587 291 7573 277 7574 10624 6985 10511 6407 9846 4214 6421 9700 3855 6383 6071 9001 2358 5169 8892 2152 7683 1512 390 7684 7048 2871 10626 6716 224 6673 6660 6643 6066 6420 6270 6261 2796 5303 304 5282 1346 4589 4511 3067 90 2923 2856 9264 4655 5630 4983 5216 1604 8373 8526 1344 6597 5986 4243 271 1424 9851 9852 5223 2858 3403 10213 10214 10215 6933 244 523 999 1457 1771 1977 2373 2509 3264 3474 3758 3862 4298 4551 4854 4903 5108 5462 5488 5631 5725 5775 6009 6144 6726 6914 10623 10625 10627 10628 10629 10630 1526 2963 6548 2524
9187 2713 9188 9095 4875 9930 169 7243 2073 2536 9093 9096 2111 9097 2715 4410 9094 4871 4281 4690 10099 10100 8744 1937 7542 240 8906 2182 2333 4476 4310 6514 7245 4047 5234 7213 4642 2386 4469 4846 7237 7198 8466 3065 7166 3217 5875 1483 1268 9991 4535 8292 1236 8293 6969 3648 4167 970 3597 2992 4822 23 275 1968 2403 2793 3340 3790 3860 4204 4532 4852 4901 5444 5460 5888 5910 6097 6456 7352 9989 9990 200 703 1218 1555 1931 2087 2592 4124 4508 7911 7912 7913 7914 7915 8275 7916 5113 5560 6684 7075 2240 3669 5866 8127 3436 9022 2397 4848 6198 2094 10470 8087 2697 6881 10581 6696 5792
9224 2772 2401 7742 4888 5892 7741 465 9802 4129 9803 9804 7159 2565 2687 2966 3048 3193 4988 6572 6611 7126 10657 9035 2416 4359
9293 2911 5551 977 2994 3106 10307 7635 2959 3154 342 712 7633 7634
9362 3032 5518 5857 3951 7025 5109 6920 3598 9659 3741 5823 340 1212 3185 3230 3803 10374 9519 3406 9677 3787 4949 5426 6120 10452 2101 2808 4891 7678 3488 378 1793 3476 2029 5732 8277 3103 5157 446 492 962 1463 1557 1670 3592 4029 5034 10180 10181 10182 10183 10185 10186 10187 10188 10189 7085 3641 6344 6847 6962 10184 8083 1777 5327 963 10230 5306 10456 6153 7205 6598 8502 1545 5591 5450 2510 2459 9493 3332 10439 6078 6935 1293 6453 6690 10631 3071 1565 3732 9308 2935 9073 2489 2762 2440 9218 3785 2862 2998 9672 9673 9674 9675 9676 948 6838 1622 3405 5318 5771 5859 8541 3325 3356
9414 3146 8865 2107 8703 1859 285 6023 7585 2057 6736 8824 9413 4688 5675 10052 8355 1332 8357 5812 2822 5514 8354 1599 5937 1570 7173 8356 7951 757 8605 4356 8606 1702 10267 5402 1548 676 893 1054 8505 5763 7001 10639 6676
9445 3223 2847 5150 3915 6806 10607 10050 4681 8721 1887 9877 4264 6309 7442 114 7443 8458 1476 908 627 5147 10174 2797 5534 1102 1470 8448 8449 8450 409 3623 2860 3606 5951 8451 10399 4887 7717 437 8165 4762 8166 1055 4046 209 8337 8335 1294 8336 5929 1014 4241 8120 2441 4211 6670 3108 5519 6654 9335 2981 5568 7276 5093 6559 7099 720 5970 7165 5705 6792 10194 7162 10114 5894 5414 4964 9768 4044 6186 9621 3607 4971 3775 9328 2955 5674 8726 2590 5493 1893 2773 3719 5372 6768 5665 6346 6846 5160 10193 10192 10191 10190 4922 3752 1803 1252 8305 8304 595 373 7674 7673 7672 1881 2199 2835 2947 3517 5039 5906 8716 721 1824 120 4266 4458 7204 9947 10612 2114 4397
9708 3873 3628 8518 1587 8894 2159 6327 2564 4605 6033 7997 803 7079 10514 7175 6526 4906 4494 9215 2753 2129 123 527 6019 6040 6485 7788 10531 10532 3869 4100 4805 9790 5561 1602 1614 3998 4394 5603 6061 6663 7291 9754 753 841 4564 10012 7530 230 1535 3359 3969 4219 7222 5418 8169 1704 5391 6417 1059 8168
9753 3994 9447 4562 6396 9478 3280 8501 1544 4839 4217 6021 5593 8996 2350 8094 980 8095 8096 9363 3034 7950 747 9228 2776 7384 54 7385 7386 7387 10068 4830 4750 5729 3420 4799 5657 4525 2480 2122 10610 6828 7271 8145 1029 6374 8609 1708 9375 3049 10094 4849 89 3281 1907 10015 6148 6995 4574 5257 8702 1857 6278 2066 8099 985 8100 6401 402 9722 3890 5903 1710 4898 10390 7814 570 6268 5606 10227 5280 10069 4756 9477 9963 4472 8869 9964 9914 4369 4527 8823 2054 8066 8616 1725 8109 1000 8110 8111 8112 8113 7969 774 7970 5709 8054 992 8103 9185 6124 8870 4696 8187 3990 6790 6086 8067 924 2154 8068 4853 4666 5383 762 2743 5207 2771 1952 8444 8758 2013 1976 5616 4001 5073 5310 10324 6661 4643 6339 8874 6234 5204 1079 4077 6929 1026 1468 1546 3435 3453 5099 6630 6722 6945 7087 7115 8052 8206 8503 10160 737 900 1114 1197 1291 1313 1502 2851 3155 3195 3207 3338 3503 5679 6727 7943 7944 8051 8053 8205 8347 4552 50 1537 3225 3630 5424 6377 6618 8610 9446 1086 1233 1636 1711 2116 3278 3330 3566 4337 4697 5153 6236 6419 8188 8289 8290 8871 8872 8873 9605 9606 1721 1749 2678 2712 4591 4773 6165 9184 9186 1009 2663 7577 282 7579 7578 1300 7362 2157 4909 3552 4820 6970 7088 2092 4925 10649 10650 8470 1490 7356 27 7357 7358 7359 7360 7361 6513 491 6080 6826 7760 1600 3105 3660 6461 6713 5711 5107 5366 10364 5752 10113 4962 3319 9474 3273 9473 6621 1764 3166 8637 3434 1505 2865 2954 9541 9542 5386 1683 5123 5277 10261 10262 8015 833 3489 8013 8014 10592 6761 10289 5455 3433 8322 1275 8323 602 8782 1994 3419 119 7176 8644 1776 5007 1820 5211 1202 5998 10418 8868
9773 4056 475 9538 3432 9539 9540 2448 2105 5393 303 954 2451 3559 3962 4487 4603 10263 6579 4062 4122 5001 5749 6316
9785 4082 2827 9686 3820 9687 9688 1005 9645 3693 6122 7955 3279 7956 3310 767 7954 10423 6018 6209 4071 745 3690 9777 9778 8009 821 5943 1584 5421 838 3541 10276 7850 2445 5348 5921 3802 3098 4940 5543 8326 1284 3530 3570 591 626 2844 3345 1345 681 8374 6749 4573 5038 2502 10506 6370 5158 9587 3512 9588 9589 9590 9357 3024 9450 3718 3236 9452 5826 3004 10608 6808 9451 9664 6089 9665 9666 3768 5374 9287 9738 3935 1326 7790 1873 5666 159 9046 2431 4387 537 2466 4824 7791 9058 10086 6868 150 1399 2438 3914 3932 4317 4340 5290 5934 6304 9288 2906 2881 5143 3504 4832 10173 4751 2366 7968 773 7953 766 7756 5668 487 9471 3270 3364 4225 5341 3141 1639 4541 6544 8557 10001 1039 2864 3287 6221 9265 78 7411 7251 4262 6364 10020 4593 9148 2632 6117 10522 6459 2300 2293 2280 8966 8967 8968 9012 2387 9199 2727 7049 4904 2571 6150 9723 3902 9724 7540 235 7537 7539 4720 2577 10061 7502 176 4194 4699 4708 8743 1936 3948 5146 260 4637 7538 7559 4544 9211 2744 4753 6771 9140 2664 2222 786 1334 4770 7978 5293 429 2619 3837 4754 5539 6036 6188 6495 6530 7595 9141 10304 299 532 2133 2306 2473 4216 6755 2027 2526 5974 7211 3573 4208 8973 2305 8972 7429 2948 3632 6030 1166 10427 10428 9003 2362 4260 7431 1320 7428 4178 6287 1805 696 8667 8668 7424 98 7425 7426 7427 7430 7870 640 738 109 7945 2705 4658 3620 8808 4818 7171 10430 6041 5022 10144 5055 10145 9808 4150 2391 9257 2846 8810 9014 2390 8707 1867 8706 10021 4594 6499 6434 9201 2731 2745 8807 7195 8741 6645 8603 1700 4439 4224 8185 817 55 8184 1082 7371 4120 6147 41 6305 1995 6210 1831 4910 6163 183 664 2646 5991 6139 10459 1713 225 264 2020 4229 4780 7528 8186 8800 8801 8802 8803 8804 8805 8806 8809 8811 8812 1929 1961 2597 2749 4749 382 1084 1687 1440
9885 4282 8866 2108 8911 2191 8489 1523 9015 2393 9174 2701 9175 9458 3253 9459 9460 9461 9462 9463 5649 467 1577 5289 5715 5867 7688 396 3218 5118 5274 7689 7690 7691 4075 831 10397 5946 5988 10409 316
10240 5349 8456 1472 5557 5124 1153 8685 8457 2476 5846 1827 8686
10315 5575 8815 2026 4519 9983 3704 9971 4481 9972 9973 10117 5555 9625 3627 9626 9627 9628 7629 334 8660 1792 4961 10118 4984
10340 5677 10341 10342 10343 10344 3316 1201 9273 7617 324 7618 7619 7620 8789 2008 8790 7409 77 7410 10544 6550 6474 1890 2668 84 4944 2151 4347 5852 6103 6170 6509 6951 7184 7262 8891 10534 4198 5351 5433 6136 4827 4634 6531 5103 10535 10536 7876 649 7877 8310 1260 8311 7875 7721 444 7722 4418 1443 9274 2889 9276 9275 7341 13 7342 8253 6323 6405 6710 5180 3953 1155 5727 10132 1172 4791 2759 3525 9594 9595 9596 5818 935 5601 550 7731 7800 1499 459 3602 9618 9619 3374 8093 4158 7710 431 975 7839 614 6897 9379 3061 9380 6587 3290 5540 7918 711 1006 7919 7920 1821 5004 608 10130 10131 10133 5035 6964 10116 4981 906 7700 4972 6343 6174 6916 5487 7701 425 7597 7702 7703 7704 2421 1237 9039 9040 3978 3553 9748 4641 1130 3763 9038 7022 6166 4486 9407 3123 1089 2512 9408 3449 331 8493 6408 7148 4650 7405 1861 73 7406 2380 1817 7607 3395 4034 5647 10382 5868 7631 336 1015 1031 1699 4218 5523 5618 6703 5260 718 9036 2417 7725 448 9329 6557 2957 9251 6959 9250 5609 8491 5028 4599 3531 7728 1369 1270 6335 7729 2833 8381 1358 3139 6203 3266 1984 3026 9467 2898 862 4042 5691 593 1225 1492 2832 2978 699 744 5731 993 1527 5125 5177 5298 7000 7068 7133 7605 8034 8492 307 456 499 882 1384 1676 3226 4043 5247 7606 7608 8585 2737 2311 2614 246 9622 4926 5604 9623 3612 3524 8881 2131 8882 8884 5365 1511 8883 6701 7937 730 2916 9744 3958 2949 7035 756 1136 1186 2156 2160 3365 3781 4447 4480 4667 5324 5581 6337 9319 2984 7466 141 7467 10283 5441 8620 1733 3724 8351 3945 1323 8350 8270 2814 1208 2428 1869 3702 9653 4795 269 2439 4501 10080 7105 3425 3569 6770 10199 5171 5750 337 2325 10360 1597 1092 8523 8524 7298 903 946 973 2813 3728 4959 5355 6844 6622 701 4325 4624 7120 8268 1205 6406 4324 6533 6167 6494 10538 8908 2185 2383 6520 10539 2758 3274 2951 5841 6601 6665 943 1509 2340 10576 10577 10578 10295 5480 7576 280 4483 8504 1547 4291 5326 1692 10233 9280 2894 9617 3601 6293 338 5688 1066 1964 8765 3080 5032 4954 6744 2887 5497 3851 5509 10158 5095 4914 4051 5020 9772 5301 5685 10140 5031 5955 9632 3642 8301 1246 3458 9554 1536 1679 1057 8587 8588 2801 1718 9386 3492 5532 9384 3083 9385 6748 556 10589 10253 5373 5584 452 10316 9545 3445 6223 10394 5923 8159 9696 3831 9272 9266 2870 3881 278 7838 612 2928 9303 9304 9305 600 5703 2226 2255 4392 4521 10350 10351 10352 4974 2843 3792 7006 6678 8160 1050 8161 8162 8163 834 2964 5990 6776 7780
10347 5698 1637 6431 1903 1990 2537 2738 10516 10517 10643 7030 7890 663 7889 9781 4076 9782 5696 28 7828 603 10141 5044 6151 2056 6454 10016 4578 10017 4804 4549 9059 2467 2303 9028 2409 5899 2415 15 7344 7398 66 5661 8507 1558 6013 6048 7544 248 2037 3484 453 1651 2019 9565 9566 9567 9568 9569 8886 2143 7155 10081 4803 9220 2766 9156 2665 7417 85 10437 6072 9919 6455 4379 9918 9381 3062 8742 1935 3490 7332 7 5655 6517 6011 7921 715 1854 6177 4184 2324 5932 2242 14 7343 1894 20 2593 4771 7350 1426 3635 7663 9629 366 6640 351 4126 4236 6547 7324 10563 1705 1056 7404 71 2940 3467 9200 4271 2728 9300 2921 6724 128 9441 3201 2723 9198 6522 8900 2175 8901 8902 8903 7786 2283 7787 525 8727 1897 10126 5002 1034 290 8146 10507 6402 7080 2708 2050 5358 6866 8822 10508 6382 2106 5046 3019 10142 5246 4607 148 10022 10023 4796 2669 5862 2110 3683 10379 8781 1993 6276 10231 5319 10232 9209 2742 9210 10121 5799 9977 4497 4550 9847 4221 4449 2168 9214 2752 6505 7469 147 10120 6004 7253 2368 8897 2169 7270 2269 1772 8959 3138 9411 5993 473 4879 10411 2494 901 9077 9078 2775 2138 2291 9225 9226 9227 4993 201 1195 2004 2527 2557 4328 4408 4917 10122 9985 4526
10366 5760 72 9699 3849 9153 2655 9134 2610 9135 7609 308 1337 583 9114 2975 2561 4276 6257 8919 3603 5238 5251 8917 3615 8918 2203 3417 8362 8916 8920
10647 7072 8358 1333 7307 4498 9592 3519 3572 9608 594 8441 1451 4873 5824 4986 5741
9936 4427 9938 9937 1643 8560 8559 5707 7137 7156 7835 6725 6859 7819 5769 5791 10371 10370 5663 5594 1644 829 1156 8243 5524 5182 1719 1221 5166 5347 1664 5152 5164 5468 6668 6941 10632 10579 7014 5213 7089 7107 10652 7076 6883 5813 2988 9338 7036 778 1543 3423 3769 9667 7718 7274 1623 605 3326 3578 5288 5653 8525 1598 8088 5189 10153 5079 3797 1001 3866 5285 9599 3540 8510 3800 9682 9681 9680 2901 1882 8717 143 7468 1563 5275 3442 4937 5127 5574 10314 3318 9491 3021 8287 6981 3248 1230 3133 9356 1717 8614 8613 1533 8495 864 8025 1051 7671 7315 5565 2475 597 755 3872 6871 5343 6205 7486 6967 1697 8602 8562 1652 3995 3194 866 1096 6848 4365 7768 3657 1415 7840 616 7841 8415 8414 6627 10561 8413 5495 1497 1231 8288 1228 8286 2307 8285 8284 1698 4588 9049 6291 6201 9306 3189 2929 4393 2530 1071 8177 4382 1720 512 876 3140 2927 7831 643 548 6728 2316 1047 8157 8156 1554 8155 1609 5342 5344 10237 1016 1411 8122 3673 3841 9697 288 5259 1630 779 5197 6774 1262 8315 8314 8313 518 1388 8048 891 8402 8401 541 7794 698 650 1618 8538 8537 8536 1329 653 1658 8566 5168 7881 3684 1556 3272 6823 8506 3368 6889 694 530 8070 926 8071 3876 9709 4118 9797 5263 7402 7314 7300 2297 4711 4284 266 642 930 7924 1669 716 1785 8652 3485 1354 607 7928 7927 7926 7925 7923 7922 369 8072 3717 735 5579 742 7948 7941 7767 5758 5356 5115 3404 335 7630 759 795 7987 3624 1520 2447 8283 8282 8281 4375 8529 6659 10574 10573 5747 1611 3726 2760 8280 8279 1531 8278 3663 925 8069 4009 8198 8028 1826 3348 1525 8490 5422 8563 6764 4911 3748 2517 982 4405 8098 610 7837 161 9939 7135 4430 394 7687 4095 9788 554 3934 731 7938 3868 2873 8101 1571 987 9267 740 7946 5659 10335 10334 484 3383 9286 5877 2904 9508 9507 6653 6800 10567 10566 818 3893 3081 9383 2241 1495 761 500 7834 7833 7832 5994 10415 10375 6913 5825 10414 10413 10412 5526 5036 7830 5029 1585 3957 2458 7829 439 310 4701 4646 10036 4008 4364 9532 4570 7612 1739 313 3324 3789 9531 9530 9529 2810 9243 880 503 8500 3354 9497 1478 8459 203 7972 7971 1405 5833 3708 6586 3590 1222 449 10197 8571 8570 641 5671 577 3005 5764 1017 8123 812 8004 2968 5947 5162 5141 1830 8690 7024 4916 10104 3686 9638 8558
