74
489 491
233 278
188 285
381 181
77 239
264 498
241 181
145 281
300 271
241 246
232 78
90 215
489 494
285 117
181 311
156 133
146 340
264 271
496 249
128 335
117 390
363 439
340 373
371 239
496 87
264 191
498 491
300 118
451 319
425 156
90 414
249 369
498 381
340 278
233 90
91 157
425 271
296 73
476 133
190 87
146 390
216 86
496 465
309 437
409 342
466 348
342 255
181 239
193 84
128 369
264 363
496 238
203 117
34 498
1 348
232 465
498 255
349 271
106 371
194 238
281 132
193 215
281 278
466 86
465 271
232 91
465 466
64 34
373 309
449 489
494 319
296 106
496 90
387 271
