94
224 147
269 319
316 149
232 484
225 484
458 484
36 348
267 270
264 308
373 318
106 165
96 473
356 207
314 319
36 149
484 261
306 150
121 318
317 70
368 106
17 2
306 7
280 266
17 121
136 87
67 300
368 499
34 135
105 164
130 164
147 452
476 270
19 38
242 55
27 269
278 135
264 356
379 236
452 207
136 306
225 67
449 29
344 449
258 67
362 499
138 250
248 481
17 356
17 52
436 20
252 454
379 308
242 111
307 38
136 309
362 348
70 111
400 30
96 499
88 317
180 165
464 307
481 300
266 324
379 87
346 189
1 150
121 476
344 266
105 34
1 348
346 452
425 2
232 19
138 261
443 324
74 78
248 272
280 78
224 278
242 59
436 484
149 55
454 102
272 400
443 373
234 407
32 397
436 7
258 397
314 407
458 482
252 270
27 52
