14
9
1 0 0 1 
7 0 1 4 
5 0 4 1 
8 0 1 1 
9 0 1 2 
9 0 2 2 
5 0 2 4 
12 0 4 1 
4 0 1 0 
3 1 0 11 
5 8 11 7 
6 5 7 8 
5 8 8 6 
7 9 6 6 
9 9 6 9 
5 5 9 6 
10 12 6 12 
3 4 12 0 
4 3 0 8 
6 5 8 7 
10 6 7 13 
9 5 6 7 
11 7 7 11 
7 9 11 6 
13 5 6 8 
5 10 8 8 
3 3 8 0 
4 4 0 6 
8 6 6 12 
10 10 12 7 
7 9 7 12 
13 11 12 8 
13 10 8 11 
6 13 11 10 
13 9 10 9 
3 3 9 0 
2 4 0 13 
7 8 13 6 
5 10 6 9 
13 7 9 9 
11 13 5 5 
10 10 6 8 
10 6 8 8 
8 8 8 5 
2 3 5 0 
3 2 0 11 
12 7 11 5 
12 5 5 8 
13 13 8 7 
12 11 7 6 
12 10 6 9 
9 10 9 5 
12 8 5 12 
2 2 12 0 
3 3 0 13 
13 12 13 11 
10 12 12 11 
5 13 11 7 
7 12 7 13 
6 11 13 11 
8 9 9 6 
11 12 6 13 
1 2 13 0 
2 3 0 7 
9 13 7 11 
7 10 13 12 
10 5 12 11 
11 5 11 10 
5 6 10 12 
13 8 12 9 
10 11 9 10 
2 1 10 0 
0 2 0 2 
0 7 2 3 
0 7 3 3 
0 10 3 1 
0 11 1 4 
0 5 4 4 
0 13 4 4 
0 10 4 1 
0 2 1 0 