56
16
17 0 0 9 
20 0 9 1 
15 0 1 9 
10 0 9 1 
11 0 1 17 
10 0 17 17 
15 0 17 9 
18 0 9 17 
18 0 17 17 
7 0 17 13 
16 0 13 13 
6 0 13 1 
10 0 1 9 
7 0 9 9 
12 0 9 1 
5 0 1 0 
5 17 0 15 
10 20 15 20 
16 15 20 21 
12 10 21 14 
4 11 14 10 
3 10 10 2 
19 15 2 14 
14 18 14 2 
4 18 2 18 
4 7 18 22 
7 16 22 21 
11 6 21 16 
20 10 16 8 
18 7 18 20 
10 12 11 11 
13 5 11 0 
1 5 0 21 
18 10 2 11 
10 16 11 6 
12 15 4 4 
20 4 22 7 
16 3 7 15 
11 19 15 7 
16 14 7 19 
7 4 19 16 
19 4 16 12 
10 7 12 11 
12 11 11 22 
16 20 22 22 
4 18 22 16 
19 10 16 21 
9 13 21 0 
13 1 0 10 
7 18 4 12 
15 10 12 10 
14 12 10 15 
22 20 15 19 
10 16 19 10 
19 11 18 6 
18 18 12 3 
3 7 3 22 
3 19 22 11 
22 10 11 16 
10 12 16 10 
20 16 10 6 
12 6 6 18 
2 3 16 7 
13 9 14 0 
17 13 0 16 
12 7 16 10 
14 15 10 12 
21 14 12 22 
21 22 22 2 
7 3 2 20 
12 19 6 7 
22 18 7 16 
22 3 10 4 
18 3 4 14 
16 22 14 10 
22 10 10 6 
22 20 6 2 
8 12 2 11 
15 2 11 4 
13 13 4 0 
17 17 0 2 
3 12 2 7 
2 14 7 2 
7 21 2 16 
3 21 16 14 
3 7 14 22 
10 12 22 8 
4 22 8 4 
19 22 4 2 
2 18 2 6 
20 16 6 18 
6 6 18 15 
14 22 15 12 
16 8 12 6 
8 15 6 8 
17 13 8 0 
13 17 0 22 
21 3 22 22 
22 4 10 11 
16 22 11 3 
14 3 3 18 
6 3 18 6 
19 10 6 8 
8 4 8 3 
22 21 3 21 
21 2 21 3 
21 20 2 2 
18 6 2 20 
11 14 20 22 
7 16 22 14 
11 8 14 8 
9 17 8 0 
1 13 0 6 
20 21 6 10 
4 22 10 14 
6 16 14 10 
15 14 15 20 
14 6 20 4 
7 19 4 4 
21 8 4 19 
4 15 19 12 
8 21 12 14 
21 21 14 22 
15 18 22 11 
18 11 11 7 
18 7 7 4 
2 11 4 4 
5 9 4 0 
1 1 0 6 
15 20 6 12 
3 4 12 16 
7 6 16 16 
14 18 16 20 
16 16 20 21 
11 7 21 6 
2 21 6 22 
3 4 22 12 
20 8 12 11 
8 21 11 12 
18 15 12 3 
18 18 3 22 
2 18 22 18 
2 2 18 8 
5 5 8 0 
9 1 0 21 
22 15 21 15 
3 3 15 16 
18 7 16 20 
20 14 20 20 
10 16 20 22 
15 11 16 11 
8 2 11 3 
6 3 3 11 
6 20 16 7 
21 8 7 19 
4 18 19 22 
8 21 22 22 
20 2 22 8 
19 2 8 4 
1 5 4 0 
13 9 0 10 
15 22 10 8 
10 3 8 6 
6 18 6 11 
8 15 10 21 
4 10 18 15 
12 15 15 7 
14 11 7 4 
15 6 4 10 
19 6 19 21 
18 21 21 6 
6 4 8 14 
20 8 14 19 
7 20 8 15 
2 19 15 8 
13 1 8 0 
13 13 0 2 
19 15 2 19 
20 10 3 16 
7 6 21 11 
20 8 11 16 
21 4 3 11 
21 12 4 15 
3 14 15 3 
11 15 3 8 
14 19 8 14 
11 18 7 19 
11 6 19 15 
2 20 15 11 
19 7 11 3 
3 2 3 7 
5 13 7 0 
9 13 0 19 
20 19 19 19 
10 20 19 3 
19 7 3 14 
19 20 14 10 
19 21 10 3 
12 21 3 22 
6 3 4 14 
12 11 14 21 
14 14 21 7 
12 11 7 12 
8 4 12 12 
6 2 12 14 
21 19 14 12 
3 3 12 20 
5 5 20 0 
5 9 0 19 
12 20 2 16 
4 10 16 3 
14 19 3 8 
11 19 8 4 
7 19 21 14 
11 12 14 19 
21 6 19 18 
6 12 18 16 
21 14 16 8 
12 12 8 2 
18 8 2 22 
15 6 15 15 
19 21 15 20 
19 3 20 15 
9 5 15 0 
17 5 0 8 
2 12 14 8 
6 4 8 7 
22 20 7 11 
20 11 11 7 
19 7 20 4 
18 11 14 2 
8 21 2 4 
7 6 4 21 
18 21 21 8 
16 12 8 20 
8 18 20 6 
16 20 4 2 
12 19 2 18 
2 19 18 15 
9 9 15 0 
0 17 0 1 
0 2 1 1 
0 15 1 5 
0 22 5 17 
0 20 17 17 
0 19 17 5 
0 4 5 13 
0 3 13 5 
0 7 5 1 
0 18 1 5 
0 16 5 5 
0 8 5 1 
0 16 1 13 
0 12 13 9 
0 2 9 17 
0 9 17 0 