12
9
1 0 0 4 
8 0 4 3 
9 0 3 3 
11 0 3 2 
5 0 2 4 
12 0 4 3 
13 0 3 3 
5 0 3 2 
1 0 2 0 
2 1 0 13 
7 8 13 13 
9 9 13 7 
6 11 7 9 
5 5 9 6 
6 12 6 8 
5 13 8 6 
8 5 6 8 
1 1 8 0 
1 2 0 10 
13 7 10 6 
9 9 6 9 
9 6 9 8 
6 5 8 7 
6 6 7 9 
10 5 9 6 
8 8 6 10 
4 1 10 0 
3 1 0 11 
5 13 11 7 
5 9 9 10 
10 9 10 11 
11 6 11 13 
5 5 13 11 
12 10 11 12 
12 10 12 6 
4 4 6 0 
3 3 0 8 
11 13 8 12 
8 5 12 5 
11 10 5 11 
5 10 11 12 
6 5 12 10 
7 12 10 10 
8 12 12 5 
1 4 5 0 
2 3 0 7 
7 11 7 11 
5 8 11 7 
6 13 7 8 
8 5 8 8 
5 6 8 7 
13 7 7 12 
13 8 12 9 
2 1 9 0 
2 2 0 9 
11 7 9 13 
9 10 13 9 
7 6 9 5 
8 8 5 10 
6 9 10 12 
6 13 12 11 
12 13 11 13 
4 2 13 0 
2 2 0 12 
5 11 12 7 
7 9 7 12 
10 7 12 13 
11 8 13 10 
8 6 10 10 
13 6 10 11 
7 6 11 12 
1 4 12 0 
0 2 0 2 
0 7 2 3 
0 7 3 3 
0 10 3 1 
0 11 1 4 
0 5 4 4 
0 13 4 4 
0 7 4 1 
0 1 1 0 