14
10
4 0 0 1 
14 0 1 2 
11 0 2 2 
12 0 2 3 
8 0 3 3 
12 0 3 1 
7 0 1 4 
11 0 4 2 
7 0 2 3 
1 0 3 0 
4 4 0 11 
13 14 11 6 
10 11 6 13 
13 6 13 5 
8 8 5 10 
6 12 10 6 
7 7 6 14 
5 12 14 14 
11 7 14 9 
2 1 9 0 
1 4 0 11 
5 13 11 5 
11 10 5 8 
8 13 8 6 
14 8 6 9 
13 6 9 14 
10 7 14 13 
14 5 13 14 
12 11 14 8 
3 2 8 0 
2 1 0 13 
5 5 13 5 
9 11 5 7 
10 8 7 13 
10 14 13 5 
8 13 5 14 
11 10 14 12 
7 12 12 5 
12 12 5 13 
1 3 13 0 
3 2 0 9 
6 5 9 9 
8 9 9 7 
6 10 7 7 
11 10 7 14 
12 8 14 9 
10 11 11 6 
5 7 12 9 
6 12 9 8 
3 1 8 0 
3 3 0 12 
12 10 12 8 
7 8 8 9 
7 6 9 5 
5 11 5 11 
9 12 11 9 
12 10 9 6 
14 6 6 12 
13 6 12 6 
2 2 6 0 
2 3 0 6 
7 12 6 7 
13 7 7 8 
8 7 8 8 
6 5 8 14 
12 9 14 8 
14 6 8 5 
11 5 5 5 
7 13 5 10 
4 2 10 0 
1 2 0 10 
10 7 10 12 
13 13 12 6 
6 8 9 13 
7 6 13 9 
13 12 9 13 
7 14 13 14 
10 11 14 9 
8 7 9 5 
2 4 5 0 
3 1 0 7 
8 10 7 11 
12 13 11 10 
6 6 10 9 
11 7 9 12 
5 13 10 10 
10 7 10 11 
9 10 11 14 
11 8 14 14 
1 2 14 0 
0 3 0 1 
0 8 2 4 
0 12 4 4 
0 6 4 3 
0 11 3 1 
0 5 1 4 
0 10 4 4 
0 9 4 4 
0 11 4 3 
0 1 1 0 