6
8
8 0 0 5 
14 0 5 3 
11 0 3 1 
10 0 1 7 
13 0 7 7 
14 0 7 2 
11 0 2 2 
6 0 2 0 
1 8 0 14 
14 14 14 9 
13 11 9 13 
16 10 13 13 
10 13 13 16 
12 14 16 13 
16 11 13 10 
1 6 10 0 
3 1 0 14 
11 14 14 11 
10 13 11 14 
13 16 14 10 
13 13 10 12 
12 12 12 10 
16 16 10 13 
4 1 13 0 
3 3 0 11 
14 11 11 12 
14 10 12 9 
11 13 9 16 
12 13 16 10 
10 12 10 9 
11 16 9 16 
5 4 16 0 
2 3 0 16 
13 14 16 14 
15 14 14 12 
10 12 12 10 
13 12 10 11 
11 10 11 10 
13 11 12 15 
7 5 15 0 
1 2 0 10 
10 13 10 14 
10 16 14 10 
13 10 10 14 
16 13 14 13 
15 15 13 15 
10 13 15 13 
4 7 16 0 
3 1 0 10 
14 10 10 15 
13 10 15 16 
9 13 16 9 
9 16 9 16 
10 15 16 10 
15 10 10 12 
3 4 12 0 
0 3 0 6 
0 14 6 5 
0 13 5 1 
0 9 1 3 
0 9 3 6 
0 10 6 5 
0 15 5 7 
0 3 7 0 