136
16
17 0 0 9 
15 0 5 17 
2 0 17 9 
12 0 9 13 
8 0 13 17 
10 0 17 17 
15 0 17 9 
12 0 9 1 
7 0 1 5 
21 0 9 1 
8 0 1 13 
22 0 17 5 
4 0 5 1 
6 0 1 13 
16 0 13 1 
5 0 1 0 
5 17 0 19 
8 15 20 7 
16 2 7 21 
3 21 21 22 
8 18 22 2 
2 10 3 10 
8 15 10 21 
7 3 3 2 
2 7 2 14 
14 21 12 10 
6 8 10 3 
20 22 19 15 
4 4 15 12 
18 6 12 6 
16 20 6 10 
1 13 10 0 
5 5 0 20 
6 12 20 15 
11 16 15 11 
8 3 11 15 
6 8 15 8 
11 2 8 12 
18 18 12 3 
3 7 3 22 
22 2 22 21 
16 14 21 3 
10 18 11 2 
12 20 2 16 
4 10 16 3 
18 18 3 22 
3 4 22 12 
9 1 15 0 
1 1 0 6 
11 6 6 18 
22 11 18 15 
10 4 15 6 
10 6 10 22 
14 11 22 20 
15 18 4 10 
21 3 2 21 
22 22 8 21 
18 21 21 8 
4 10 22 3 
11 22 3 19 
19 20 19 19 
4 18 19 22 
7 3 22 14 
13 9 14 0 
5 9 0 19 
12 11 19 14 
2 6 14 12 
15 10 12 10 
18 15 12 3 
4 14 3 6 
2 15 4 11 
16 21 11 6 
2 6 18 2 
15 18 2 19 
14 18 16 20 
16 11 20 8 
14 19 8 20 
15 11 20 2 
11 7 11 18 
9 9 7 0 
17 5 0 8 
12 12 8 4 
8 2 11 3 
11 19 6 18 
20 18 18 7 
22 20 7 11 
7 2 3 12 
7 6 12 19 
19 2 19 15 
12 15 15 7 
20 14 20 20 
10 16 20 22 
12 16 4 3 
16 15 3 3 
14 11 7 4 
5 9 4 0 
9 17 0 18 
6 12 18 16 
20 8 16 12 
11 11 12 10 
15 20 20 10 
4 22 10 14 
19 7 14 21 
6 7 11 21 
21 19 19 6 
11 12 20 8 
2 20 8 22 
11 10 22 4 
16 12 4 19 
14 16 19 7 
8 14 4 6 
5 5 8 0 
17 9 0 8 
14 21 8 16 
21 20 16 16 
3 11 16 22 
21 2 22 6 
20 4 6 14 
11 19 8 4 
7 6 4 21 
18 21 21 6 
7 11 6 21 
10 3 21 19 
12 11 14 21 
2 4 21 8 
12 14 21 8 
14 8 8 11 
13 5 11 0 
13 17 0 22 
7 16 22 14 
7 19 14 3 
3 18 3 14 
21 21 14 22 
10 12 22 8 
12 11 8 21 
19 7 11 18 
2 2 18 8 
12 7 16 10 
12 10 10 16 
6 12 16 8 
19 2 8 4 
21 12 4 15 
3 16 15 7 
5 13 7 0 
13 9 0 21 
16 7 21 22 
16 7 22 18 
11 3 21 4 
7 21 14 14 
15 10 14 12 
11 12 10 7 
3 19 10 20 
3 3 20 12 
11 12 12 7 
2 12 14 8 
10 6 20 21 
20 19 10 14 
20 21 2 2 
7 3 2 20 
17 17 20 0 
9 13 0 19 
10 16 11 6 
16 16 6 7 
3 11 19 7 
18 7 7 4 
10 14 4 11 
12 11 11 22 
14 10 22 16 
6 3 3 11 
20 11 11 7 
4 2 20 16 
14 10 16 6 
2 20 6 18 
22 3 12 21 
19 7 21 8 
13 13 2 0 
5 9 0 15 
8 10 15 22 
7 16 2 3 
14 3 3 15 
8 18 20 6 
19 10 6 8 
12 12 8 2 
8 15 2 19 
11 6 19 15 
15 20 21 19 
12 4 7 18 
12 14 21 19 
14 2 11 18 
2 18 18 4 
7 19 4 4 
5 13 4 0 
5 5 0 16 
22 22 16 20 
19 7 20 4 
19 14 8 3 
4 8 3 8 
4 19 8 21 
10 19 21 16 
6 20 16 7 
19 11 7 15 
22 15 21 15 
20 21 15 16 
22 12 21 14 
19 14 14 8 
10 20 8 16 
10 20 16 3 
13 5 3 0 
1 5 0 8 
4 22 8 4 
18 3 4 14 
15 19 14 2 
4 4 2 11 
7 4 22 18 
6 3 18 6 
22 20 6 2 
12 19 2 18 
14 22 15 12 
15 20 19 3 
22 22 3 21 
18 19 21 6 
7 8 6 4 
22 10 11 16 
13 13 16 0 
9 1 0 10 
10 19 10 16 
6 18 16 20 
14 15 20 15 
19 12 15 4 
16 22 4 18 
6 6 18 15 
15 6 15 15 
10 12 15 14 
2 14 14 18 
18 2 18 22 
4 2 22 19 
7 4 19 16 
18 7 16 20 
7 22 20 4 
1 13 6 0 
0 17 0 9 
0 10 9 13 
0 16 13 17 
0 11 17 1 
0 15 1 5 
0 21 5 1 
0 20 1 9 
0 15 9 9 
0 10 9 1 
0 2 1 1 
0 18 1 5 
0 4 13 13 
0 7 13 17 
0 18 17 17 
0 2 17 17 
0 1 17 0 