33
10
1 0 0 1 
7 0 1 4 
12 0 4 4 
11 0 4 4 
9 0 1 2 
8 0 2 3 
8 0 3 3 
12 0 3 1 
8 0 1 3 
1 0 3 0 
3 1 0 7 
11 9 12 9 
8 12 9 14 
10 11 14 7 
5 9 7 6 
11 10 6 11 
7 10 11 10 
14 12 10 11 
10 8 11 7 
2 1 14 0 
3 3 0 12 
7 11 12 9 
7 5 9 11 
9 10 11 14 
12 5 14 14 
10 11 14 9 
8 7 9 5 
8 14 5 6 
9 14 6 13 
1 2 13 0 
2 3 0 7 
12 7 7 6 
7 7 14 6 
8 9 6 12 
7 12 12 5 
6 10 7 7 
9 8 7 9 
14 8 9 12 
9 9 6 5 
2 4 5 0 
2 2 0 11 
11 12 8 14 
14 7 14 13 
11 8 14 14 
11 7 14 9 
8 14 9 6 
13 9 6 7 
13 14 11 6 
10 9 6 6 
2 2 6 0 
3 2 0 9 
6 8 9 13 
5 14 13 8 
10 11 8 5 
5 11 5 5 
8 8 5 10 
5 13 10 14 
6 13 5 13 
8 10 13 7 
4 2 10 0 
2 3 0 12 
13 6 12 6 
8 12 12 10 
12 10 10 7 
13 5 10 10 
6 8 8 13 
14 5 13 14 
13 6 10 11 
7 8 8 8 
4 4 10 0 
4 2 0 8 
7 13 8 7 
9 8 7 8 
14 6 8 5 
5 13 5 5 
10 6 12 6 
13 13 6 12 
5 13 12 12 
5 7 12 9 
1 4 5 0 
3 4 0 6 
14 6 6 12 
6 9 12 10 
13 14 10 7 
10 5 7 13 
11 10 13 12 
9 13 12 13 
11 5 13 5 
11 5 5 11 
4 1 11 0 
0 3 0 1 
0 14 1 2 
0 10 2 1 
0 13 1 3 
0 6 3 2 
0 11 2 4 
0 9 4 4 
0 11 4 3 
0 11 3 1 
0 4 1 0 