28
9
2 0 0 1 
5 0 4 1 
7 0 1 4 
8 0 4 3 
9 0 3 3 
7 0 3 3 
13 0 3 3 
7 0 3 2 
2 0 2 0 
2 2 0 9 
13 5 7 11 
12 7 11 5 
6 8 5 8 
6 9 8 9 
11 7 9 13 
11 13 13 12 
9 7 12 7 
3 2 7 0 
3 2 0 11 
10 13 11 8 
10 5 8 8 
13 6 8 7 
7 12 7 13 
6 11 13 11 
7 11 11 7 
5 6 7 8 
3 3 8 0 
4 3 0 12 
12 10 12 6 
10 10 6 8 
5 13 8 6 
7 9 6 6 
5 12 8 5 
6 7 5 9 
5 5 9 6 
1 3 11 0 
4 4 0 6 
11 12 6 13 
7 10 13 12 
9 6 12 10 
13 7 10 6 
8 6 6 12 
6 7 12 11 
9 5 10 9 
2 1 9 0 
2 4 0 5 
10 11 6 13 
8 7 13 13 
9 9 6 9 
11 13 5 5 
8 8 5 8 
10 6 8 8 
12 9 8 13 
4 2 13 0 
3 2 0 5 
12 10 5 6 
12 8 11 13 
9 9 13 7 
10 11 11 5 
7 8 5 6 
5 10 6 9 
10 9 9 13 
4 4 13 0 
1 3 0 10 
11 12 10 12 
10 5 12 11 
7 9 11 6 
9 10 11 10 
12 7 10 10 
12 5 12 8 
11 7 8 5 
4 4 5 0 
0 1 0 1 
0 11 1 4 
0 10 4 1 
0 8 1 1 
0 13 1 2 
0 12 2 2 
0 10 2 1 
0 12 1 4 
0 1 4 0 