16
914 908 915 374 24 92 372 373 375 371 370 910 369 94 912 93 367 913 338 363 365 366 335 17 368 337 642 160 641 643 381 96 378 380 382 95 386 40 385 387 640 383 384 377 97 98 99 379 23 25 393 392 100 89 101 358 359 360 362 90 361 394 91 376 899 388 339
309 74 293 308 307 315 305 311 312 314 316 306 258 69 257 260 268 67 259 266 267 295 75 76 303 304 19 297 68 294 296 6 302 264 263 271 265 262 301 65 66 299 300 261 1 281 279 280 298 272 269 270 70 276 275 278 285 310
396 395 397 411 412 102 401 399 402 409 117 403 626 8 390 627 157 26 7 391 398 400 624 30 623 389 625 114 453 452 454 455 610 31 479 480 477 476 481 121 463 405 460 461 462 464 465 466 404 456 115 457 472 490 458 474 9 116 475 473 470 467 468 469 471 478 118 611 612 622 156 408 620 621 619 613
415 414 356 105 354 355 104 357 103 287 286 289 353 288 106 71 107 416 73 282 284 290 72 283 291 329 79 80 330 331 332 340 345 18 313 324 325 326 327 333 334 947 81 946 82 336 347 77 292 344 346 352 86 87 88 343 351 364 85 84 83 348 78 341 349 350 342
720 719 754 189 190 753 181 179 180 749 751 752 750 722 723 724 721 718 706 177 705 709 704 178 703 176 708 701 702 707 710 715 175 714 174 716 717 698 696 727 182 726 712 697 711 728 729 730 713 725
748 167 183 735 184 734 733 802 46 738 801 732 12 173 731 736 747 737 803 165 800 671 797 669 659 667 804 668 666 164 670 672 693 691 692 169 676 694 168 44 673 675 674 690 739 202 689 695 37
993 231 250 863 992 931 932 995 60 232 865 868 996 867 994 864 975 244 245 247 59 972 987 248 988 989 990 991 1000 249 934 978 999 985 986 981 984 977 246 980 982 256 979 1015 251 253 1022 63 255 1013 1019 1021 1023 1024 254 1004 61 997 1016 998 1003 1001 1018 983 1017 1020
1009 53 1007 1008 1010 62 1012 252 1011 1014 64 214 860 858 859 871 870 873 853 213 852 857 874 216 861 850 54 55 212 847 848 849 854 845 833 210 835 844 831 846 841 840 843 839 856 842 855 837 836 821 834 15 832 215 56 872 838 217 218 869 211 851 862 1006 1002 1005
419 108 277 418 420 429 4 421 430 28 274 433 110 431 435 438 422 423 109 417 413 427 426 432 434 425 424 428 448 443 450 449 447 445 459 442 111 112 406 407 444 441 27 436 440 439 437 446 273 410 451
534 135 533 544 557 136 536 120 535 522 532 495 486 494 496 497 492 489 539 122 543 542 484 482 483 487 488 540 124 485 502 541 123 128 129 520 133 132 523 524 525 526 519 515 517 508 127 130 507 509 510 511 512 513 514 516 518 493 505 498 499 501 506 500 538 125 503 504 521 537 126 491 531 113
618 615 617 628 633 634 631 638 226 637 639 630 632 39 635 636 683 598 159 597 595 593 594 596 599 603 688 161 171 170 678 679 686 687 162 172 680 163 665 677 681 685 645 225 646 649 650 684 682 648 13 647 664 616 629 644 898
651 2 652 896 897 894 891 893 895 890 892 657 222 660 661 662 663 655 653 654 656 42 882 230 221 921 923 920 926 917 918 919 924 927 928 866 878 876 879 875 877 925 903 902 904 907 901 885 880 884 223 881 58 57 886 922 224 889 887 888 905 227 883 906 909 815 900
744 186 187 743 745 746 742 782 50 776 784 759 49 760 778 777 196 775 48 774 47 772 773 195 770 771 768 193 767 769 765 764 194 192 755 761 762 763 757 188 191 756 758 766
816 817 819 658 219 51 220 823 204 818 812 814 820 813 825 206 791 807 203 799 806 808 205 201 805 43 166 811 826 809 810 824 209 827 830 822 208 789 829 788 787 828 790 792 207 45 11 52 798 794 793 786 741 185 199 200 740 779 780 781 783 785 795 796 197 198 14 41
964 21 956 963 242 962 5 243 961 239 960 322 320 321 328 20 319 317 318 958 240 241 323 959 16 957 949 937 929 936 938 939 940 930 916 229 238 941 935 234 236 951 235 933 973 233 952 968 970 971 944 22 237 942 945 950 228 948 954 953 955 967 969 966 3 965 943 974 976 911
131 528 529 530 527 578 144 569 573 577 579 580 35 575 576 134 10 138 140 562 33 560 137 139 564 570 571 572 145 143 142 563 574 141 561 609 154 547 153 608 155 607 700 36 582 146 585 584 32 147 552 567 583 586 591 148 38 581 592 566 565 568 558 554 551 34 559 556 119 555 546 158 149 600 614 604 590 602 606 601 553 545 548 152 151 29 605 588 549 550 589 587 150 699
