96
7216 398 1440 1442 2830 2968 3030 4495 5163 6259 6496 6528 7658 8182 319 421 625 1991 2361 2483 3004 209 7068 509 3405 701 1227 2200 2757 3689 3880 6382 6843 7184 929 3094 5581 6620 8152 5782 1120 6291 8076 2994 4511 6228 1210 1128 271 4128 4698 7163 7805 1437 4393 1906 2290 3308 5440 5869 5894 5969 7234 8001 1352 1643 2139 2415 3191 3744 4049 4296 4633 7752 839 1176 2151 2196 2792 5291 267 1137 1726 7278 6394 1529 2767 4859 7120 2113 3534 3755 5144 968 5871 1462 5709 6685 1513 3061 2556 335 4022 5974
3403 1048 3250 4446 4741 5318 6856 618 3027 310 648 1341 1887 1903 2781 5418 231 813 2009 152 6949 1610 3621 5710 6233 7768 994 2691 5700 6373 458 1545 3727 6806 2714 5712 4080 7769 530 3965 901 1493 3694 4043 4755 6655 7155 2308 328 2037 2609 4190 4821 7358 577 8147 6966 2350 2647 3013 4498 5251 5525 6020 7357 3503 1151 7620 3764 3935 4576 7295 7311 7775 1831 790 364 7684 713 1829 3065 4211 4685 5322 444 1364 3045 7468 711 3103 5025
6210 1608 2125 3029 3572 4762 4910 344 611 2270 2031 874 2098 3473 4229 6592 688 4934 225 3011 5313 5643 6640 7215 1948 3157 3314 449 2028 3130 5170 5476 7136 7845 6257 689 1216 3578 5436 7084 116 470 3012 5363 5190 2014 2380 5875 6022 6321 7485 527 1664 187 1511 1745 2067 4187 4743 6751 7104 156 680 95 582 805 2440 5463 5903 6461 7857 8002 6360 2276 3072 4018 4855 5347 6288 6796 7750 3907 1273 4991 6086 7309 5054 32 2611 1476 3770
2186 887 1415 4364 5529 6526 6543 1223 5267 1099 3790 81 2117 4902 6127 20 286 1692 3207 8163 7137 731 2503 4564 1603 3400 7746 3582 6145 6409 6714 2225 4580 1207 4010 467 2622 6963 912 2414 1902 7782 2 570 2847 3139 4639 5631 6607 242 637 2220 7508 3114 3227 6294 1170 4200 6487 1880 7364 3203 3643 5535 5860 5970 775 5484 1994 7294 7960 2114 4308 6122 6552 2307 5091 4321 5626 897 1823 1190 2909 4903 7390 4911 5735 3323 3630 4654 7941 2917 3179 4692 7401 1332 1070 3710 4690 6367 6805 3538 6147 1167 7328 4625 7867 3042 7644 1859 4845 5288 4234 7413 1334 1469 2528 7423 6451 1905 5425 7111 7151
2586 873 2256 3881 4614 5818 6512 7369 7798 3454 3513 3342 6317 264 2134 5097 5640 6680 2096 3588 5593 1834 2163 2785 1593 1921 6011 3429 7065 2501 546 1150 1471 1538 2460 2489 2542 2878 4858 5332 5793 5933 6144 6241 6812 6832 6971 7147 8050 8134 1642 1856 6488 7634 5738 6504 7813 189 4785 1556 2597 3374 4873 2932 3335 6652 7862 1617 12 3 538 3315 3872 5510
5051 74 2876 4396 4978 5481 6366 7206 54 5310 1418 2303 7537 8128 180 5125 568 2246 2413 2896 4034 4864 4945 7366 7843 5935 1736 4591 5990 10 4790 5119 7668 937 2621 3000 5704 346 4570 8091 380 168 697 1576 2459 2959 3977 4985 6946 7655 7948 2581 898 1399 1700 3767 5222 5690 6743 4345 1005 6097 6469 8085 14 6376 5127 473 2036 2534 6510 6786 7601 3506 2330 7385 769 1286 4091 5448 5495 6153 6578 6799 6834 7050 7484 7578 7966 2454 2786 5052 4668 580 1461 2215 7494 7505 757 1828 1293 3409 3414 6330 7622 4052 5603 317 1139 2232 2614 2979 3007 3774 5926 6755 7654 83 830 1193 2265 2282 3387 4665 1281 1579 4194 492 6736 6960 4660 1962 2321 2807 3461 3472 4273 5061 6940 7890 996 4317 4761 5524 7307 6224
5408 3185 3894 4390 5314 5391 6581 6942 357 1864 4238 943 1913 3843 6014 7082 7851 5307 3805 4379 5469 5531 6565 6897 7371 7794 5844 4140 1749 3428 4635 4753 7584 5678 68 1182 1222 2241 2357 4120 5685 6958 1773 2670 2918 2408 136 504 1713 2444 2470 4382 4965 6709 6964 7142 7636 266 524 2694 2794 5284 6626 7589 3693 1768 2941 4752 7594 610 6314 5073 5140 7576 667 3696 4328 7319 5674 7847 4111 1629 387 1159 2502 4033 6990 6372 885 2577 5413 6057 6209 6304 7146 7579 7729 462 604 724 2401 2664 2672 3350 3823 5668 7041 3099 1436 7264 620 4565 3132 1231 1883 1959 4000 5292 5570 8118 79 962 7818 5101 5648 5919 7945
5666 465 1699 2120 2339 2718 4678 6911 1007 1636 1914 4252 522 1465 3152 6838 7469 7706 142 6472 4647 5771 6171 3023 3989 5348 5907 911 2040 6297 6597 6126 877 925 2026 6465 4417 2493 2780 3265 6404 6926 7286 6519 528 3307 4280 4372 5660 8075 1922 7733 7903 6785 6927 259 2271 3187 5327 7687 5607 1444 1672 2964 3169 5245 5951 6052 7266 7641 575 1731 4545 4590 2193 2963 4104 4657 7974 4198 7367 2527 1072 4135 63 762 1267 1543 2130 3101 4265 4306 7046 7302 3456 3874 8164 3817 3909 4587 2190 3748 6300 2335 2920 3452 3814 4529 5090 6191 7405 174 2338 3138 4865 6616 2560 6035 1810 7996 1595 2569 3186 738 3941 562 1940 400 717 1422 1968 2235 2988 3781 4271 5316 5770 7115 8125 1000 6827 5392 814 5799 5895 7981 665 4065 7834 1238 1308 4918
6393 1686 2250 2605 4672 6873 6973 222 322 4206 2906 894 3787 4031 4623 6408 7919 1752 4324 5711 811 3097 4004 4074 5035 5557 7359 4929 25 960 2924 3426 7203 8011 8110 6108 1034 587 4828 5560 5952 7513 2911 5667 828 422 766 1598 2636 3145 3297 5814 7766 2043 4008 1944 976 7597 104 2953 3691 4713 6128 6479 7988 594 2653 2769 7133 4907 1862 3979 4096 7198 7573 7624 8175 4268 7128 3353 2153 4609 7049 807 2957 4217 8104 5068 1967 3487 5084 5421 5659 7511 7848 967 1101 3769 7872 2050 852 3841 4255 6994 7670 7697 5758 469 5012 3934 3293 3622 4951 5159 5431 6278 3987 1691 3678 4823 204 4572 5339 6776 7587 7745 367 1181 4631 5830 4536 256 1709 5512 1362 4051 751
1561 691 3318 6863 7039 7635 783 2211 3368 5536 5836 7170 7285 7255 7938 2612 4539 2432 2524 7918 855 7838 500 598 1059 2328 4818 5641 6634 3176 4177 1060 3718 5651 1705 4791 5723 5724 6903 557 1544 3019 4612 5368 5601 5885 7451 7567 8082 167 4682 5191 6019 3947 4106 1296 737 2365 3515 5072 3550 5918 6498 5132 3802 1121 1640 5680
1674 4263 6251 7225 1199 1925 5220 980 5753 8165 303 334 7300 6707 4340 595 1848 2143 4930 1264 1735 3228 1068 642 4289 5257 7640 2758 3772 2131 939 5070 6315 675 2157 4669 5120 833 3524 5773 29 1208 1946 5350 8018 2695 2933 3028 3355 4841 5274 6270 1789 548 3196 94 377 2540 3251 4993 251 4967 5676 2420 3206 3437 4804 5201 518 1917 2027 3766 4305 6694 1723 6448 480 2260 2734 2783 3832 4556 4824 7338 5726 2108 3201 5993 6896 6446 11 448 1426 2313 6667 2746 4559 2061 7148 879 1091 3055 1766 6414 7086 5979 5296
2903 1371 2071 2811 2834 3650 4500 6338 7064 1523 7376 202 491 1711 4075 4441 5232 6915 7289 7660 7758 7894 2189 4019 4517 2178 2873 5032 4912 6444 4146 2242 3143 5625 6141 639 1056 1815 2372 5925 6614 7247 945 1409 5506 5822 7940 5493 3248 3448 4226 4438 5186 5386 6627 2766 4637 8100 5652 4780 4796 5755 7097 1506 5538 6100 2944 677 3124 7987 4718 5731 1957 867 1611 4239 4742 5453 6732 7012 513 6355 1666 3167 4830 5748 6269 4397 6787 263 1584 2302 1811 5504 3617 4758 6518 2091 2617 1453 3602 4159 4349 4765 4915 1365 5645 2392 7087 7143 1742 6544 3753 7431 3555 1177 2382 8157 5366 2148 4860 417 4386 4816 7740 3302 2084 2659 1320 7648 4299 6957 6779 3507 7972 1192 4920 6028 6081 6771 7200 101 1792 7942 6816 7135 7674 5526 369 3806 4431 6639 6811 7002 4257 5687 2430 3949 1082 4968 185 2249 7166 3312 2637 2839 4365 2598 205 436 1133 3064 7710 7830 2272 2760 6879 7378 316 3133 4895 7290 7665 1816 1824 5876 6566
3597 162 947 1878 1904 2323 3636 5516 6051 4675 7776 4503 3543 4853 5131 6151 6984 7956 5658 1428 7436 186 1278 1681 3309 3413 3917 5076 6998 3846 3040 752 853 1683 5967 7588 6748 686 772 4984 5842 6200 7411 111 7321 5568 4577 5947 7970 16 3329 4344 4563 4730 3177 2603 385 2425 3611 4151 7512 7689 2288 3613 3974 5872 6769 7504 7927 1565 2623 314 5403 4401 6962 3895 2563 4425 4555 4727 5887 3879 6083 825 5618 5764 6090 6175 6499 2468 5087 6539 770 4007 2987 6756
3980 850 3127 6823 7688 8077 8095 2992 5817 4230 3385 3904 5620 5985 6686 5910 178 761 6997 5086 4676 5141 5873 2702 5661 6456 6532 6952 638 678 5604 6104 6950 7397 7781 3944 5978 7249 2602 3876
4960 4661 5277 6150 4798 4232 5223 6783 7491 506 3750 6705 2813 3653 57 2564 3884 7073 333 2842 3740 7707 7488 1743 2064 2409 5273 6719 559 3902 4189 1553 1819 2701 5843 2975 2588 7245 7842 849 1111 3551 4809 7090 2863 7835 6858 6819 5145 7810 2517 4366 6951 1688 3756 4103 5345 4290 6515 6103 6337 4216 6159 2484 1566 4288 692 5691 4284 4806 6882 8174 6142 5840 1280 1698 4695 7145 1041 5533 6207 4406 1794 2533 3161 5902 6529 8101 1594 1497 6746 744 3135 3726 3950 4130 4941 5670 6212 6296 250 3499 4600 1721 6840 8004 8189 2016 2541 7127 4173 1650 1724 5056 7010 1344 3994 5066 4760 4452 1346 254 3840 3875 7270 1923 3720 1577 2471 2697 4199 6668 2355 4686 140 2926 6010 7558 7721 4866 3794 6874 4318 1516 3017 7783 7473 1894 4205 4842 3189 64 6250 7040 7261 4040 5864 1788 1803 2706 6322 824 1820 4109 4792 5330 5575 7123 743 2456 4067 8098 195 7653
6177 1757 2532 2733 5795 6154 6567 7480 8120 2073 3575 5896 8007 1045 6143 1335 1975 5949 7305 7446 7785 7982 468 2948 5936 6005 5414 3268 331 6955 330 3983 1813 3834 4751 17 2041 5050 6182 6886 7900 340 2019 2088 5906 7250 1551 4784 922 1184 3942 1657 2789 534 551 5360 6168 5417 2655 3311 6155 7865 93 6774 3692 1141 2575 4812 7304 1733 2590 5931 8045 3430 5399 324 2351 4923 7551 7571 7921 3722 7837 3799 1215 1720 2025 2576 2654 3714 4030 4783 5400 5480 5513 6004 6256 7101 7607 7618 7716 669 1714 2585 4513 5243 6497 2474 3620 1498 4021 3574 3752 3759 7506 5555 1605
6254 1234 3359 4337 4540 5877 50 907 3699 3959 934 624 1694 4371 6941 203 2285 212 4689 8062 1464 6855 804 7920 4029 495 3083 3768 3782 4410 7545 7690 1739 5092 6003 483 7844 3050 4131 6870 144 5693 7520
7284 240 5118 198 7011 966 2546 4939 5300 5582 2480 3069 148 6675 7693 3540 342 1776 3793 6252 2791 1908 2723 3938 5152 5505 5550 6271 6978 8092 1119 1283 1360 5178 7568 3402 1345 3074 3605 5253 6443 6923 5959 3294 4001 4132 4354 6039 7803 545 6936 4484 3656 51 7404 1412 1712 1909 2353 1770 3609 7457 886 3453 5059 3568 3393 1460 3788 4027 5351 298 375 663 3660 4627 1058 244 3258 236 2865 3462 4095 4416 4481 6449 7238 995 1888 3370 1196 2727 4047 5958 6602 6749 8112 502 1484 4400 5522 7731 1358 6967 3386 2442 2065 1309 1298 583 2070 7058 1138 5198 5543 6016 3669 1359 412 1047 2011 2405 3170 4309 6001 291 2448 7334 7702 5987 143 1213 1934 2831 4629 4704 5103 5854 6080 6093 6131 6577 7355 7936 1300 2719 3334 3906 4314 5002
7297 2547 3025 3920 4525 5479 6236 3105 98 5564 1116 2111 2929 3595 4240 5589 6890 7092 658 5036 4680 5708 1243 2828 1026 6235 5508 5520 7091 7124 5655 5662 870 1025 2063 2656 5116 6121 6232 7004 7421 660 1684 7398 5005 1706 3860 5401 6850 7395 308 605 3344 759 1290 1649 3415 3729 3958 4016 4640 4736 6696 7787 781 5321 5707 710 4142 5569 7350 3277 3697 5083 6261 6880 8015 540 5605 5940 6312 7577
512 237 2203 6120 1555 834 6280 3701 3861 6030 7379 7662 8178 1604 5371 5635 6547 4403 6757 6724 3526 1597 2736 4141 4497 4863 7611 456 1796 3877 4037 4648 6609 6865 160 1667 2345 4746 918 7516 6295 6361 7196 8181 5850 7566 4167 6758 1152 6885 7596 1487 23 2812 4836 5558 5980 1602 3695 5164 5835 510 7462 4716 5352 7969 629 1406 2008 4428 905 4972 216 3552 3908 4705 4909 5746 7736 6983 4180 5404 6596 7466 1645
560 82 3715 4956 6501 6574 3919 3893 1535 2390 6192 3516 3337 6334 2823 4825 1927 4479 5136 627 1259 2233 7417 6847 778 4408 8170 1104 7914 3410 3635 986 4749 5994 1938 1090 4779 5437 5953 6025 1108 1830 3594 4278 7209 1852 358 1013 4459 6508 7773 955 5130 5196 6660 6791 1727 1758 4088 4272 3482 5031 6045 4083 636 2034 6426 459 5240 7343 5034 5874 1965 2886 4840 1570 2661 6505 7795 2587 6405 2871 7406 452 6397 4621
1690 1411 1744 3792 6077 8135
2492 843 1242 1343 4957 5890 1032 5815 2177 3957 5966 7317 878 1123 3210 4002 3608 4976 5263 5630 6820 7121 7310 7437 1507 2606 3149 3910 4155 4619 2591 5094 191 1274 2696 3120 3465 4204 4325 4656 5283 5720 6223 6244 6934 7220 3873 6593 5825 128 5151 6455 7168 1817 3847 343 4878 5333 6583 8009 3570 1342 7219 888 4508 5295 6102 6319 8010 8124 213 602 1620 2991 3197 4291 5207 6431 1590 3320 2732 2334 2680 3057 4852 5627 5650 6264 7630 3654
3859 2880 5912 6113 619 5085 5344 7277 4778 5537 5756 6002 6026 7156 8067 591 1592 3091 3553 3667 5011 5477 6071 2183 2412 1387 5078 6245 7998 7072 739 1188 6298 854 2949 3777 4964 5747 245 2998 4329 2059 6975 1194 1530 1540 2650 2914 3037 4013 4896 6286 7339 8037 8186 817 1279 1325 1716 2234 3291 3380 270 8169 3290 4547 5984 7646 8065 1759 2097 4962 4383 5628 7599 3687 6887 7235 447 3423 1044 383 3122 4394 4720 5043 5806 3645 4356 2173 2905 3866 5294 3734 4585 2604 318 5320 8036 5423 5563 5727 6214 699 1791 1255 2152 2298 2057 5269 7444 1549 4624 1027 7427 7661 1016 5065 6891 4185 3439 2567 3858 4847 2999 799 2003 5769 6568 6722 6871 6981 7675 130 210 1480 3474 5271 7316 3612 3918 404 4355 5323 1973 2155 3416 5497 927 1285 2101 2366 4471 5583 4097 7756 3073 1641 5487 2922 2716 4509 864 3771 3054 593 889 1974 2821 4113 5261 5384 6731 7167 2931
4191 3853 4850 7631 714 1147 2075 7025 8086 5884 7418 181 2192 6220 1877 4687 786 2022 1012 4375 810 906 2759 3952 6139 801 4320 7474 3783 2973 4538 7682 6439 3891 2205 2296 2498 3899 4254 4258 5580 5633 7027 7500 122 1970 2674 1268 4124 341 547 1738 1793 2359 3324 5684 6379 1826 1261 1266 1301 1495 4457 5303 5750 5938 6852 5801 4435 2976 4331 4887 6396 6809 7110 7402 7859 445 1126 4750 494 2754 2989 3225 5235 8187 146 532 4398 5093 6161 2875 5749 4374 6908 5586 1812 3067 3098 6766 1875 2625 7973 6331 2103 3468 4947 4442 4149 7535 7134 3639 4274 4826 5468 5490 6049 6422 8049 3684 6392 2705 3287 4108 5540 1135 1218 26 641 767 2245 4154 7503 1001 2230 2106 4573 7944 3242 6708 7538 1245 2620 7771 1996 5249 7434 4179 7201 1140 736 5576 99 3830 31 2543 2739 100 6096 8 27 2370 4794 5208 5697 1865
5156 831 2667 5379 5532 6673 6702 6734 6876 7066 7780 645 4115 4464 6937 948 243 1065 1631 2305 3399 4447 6434 7232 1746 2349 109 7877 7454 791 3310 914 4776 7157 7565 1899 3035 3955 6164 7330 734 1767 2266 1351 2023 2652 6549 6892 7888 2765
5218 893 963 1052 1799 2427 3628 3890 3921 4820 5325 5619 7029 6217 794 1195 1924 7218 7602 2354 5566 6745 837 7256 7873 4729 875 1372 2137 2247 5014 6475 6674 6715 7747 350 1241 4202 7315 1180 7947 4848 7399 2452 1734 2804 3527 3930 5483 2798 7891 3131 6417 7829 1860 2559 3214 3401 4802 5241 2012 8184 742 2348 7767
5713 5133 6857 8071 1825 1993 7251 523 3577 5763 5434 2607 1675 5394 6135 1932 733 5544 858 132 429 857 6130 6658 7269 4233 5217 407 2164 2269 3966 6514 2209 5055 3433 5147 4905 5461 479 6956 52 89 565 2388 2688 5044 6641 7182 7814 2090 4326 416 5326 5807 6184 6713 7753 526 3274 6522 4054 2902 1125 7984 230 4429 2675 3483 7036 932 3826 5488 4413 1316 4012 4093 4407 4706 3713 5137 930 1532 2972 3587 5517 5182 6698 3765 8012 2657 4353 5200 184 6173 989 1725 2170 3163 3562 3598 4594 6149 7103 7531 172 1038 2689 5976 6263 84 5494 1109 1624 2525 2574 3317 3837 5262 5882 28 6706 2624 7100 7553 3999 1337 2144 7850 2516 5578 2275 7701 6468 249 5765 5983 6684 7989 1841 4295 5592 4693 5847 1478 2080 1644 1272 7047 7762 712 4055 6185 6918 5788 218 2583 7139 5064 5997 1933 3125 6560 7018 3008 7144 5594 2054 6218 44 2210 7550 1951 5390 3627 1534 525
6006 4201 5972 6917 1893 707 1760 7823 7671 827 3512 5428 7208 1158 1787 3542 1639 2030 2020 6788 7258 6370 6717 3021 1067 119 408 972 1861 5600 6961 5040 5406 3749 1226 3172 3237 4414 7793 1183 5317 2219 4215 3126 7964 40 5502 1382 1740 1161 5754 304 5797 550 2704 4710 8130 3705 5499 8051 4959 4747 248 2002 2283 2477 5179 6521 6764 306 511 2364 6562 7786 6520 1781 2377 6441 3583 3716 4388 6586 6664 7403 3644 6178 6580 2965 4610 3151 4770 5278 3128 5396 1142 1489 2201 2218 2394 3104 4039 5673 5785 7544 7612 365 549 1581 4276 6945 1294 899 3285 294 4871 3412 6380 2777 139 917 2078 5221 5340 5808 5846 4461 4892 4485 7098 4463 1407 1659 2756 2986 3071 3267 3362 4467 4955 6411 6895 7368 7887 1006 1235 2608 3646 4535 819 938 6651 6798 3442 3632 7433 410
7282 1451 1501 2261 2499 3215 3878 4644 7347 3638 2110 6582 2751 4543 5153 5761 6140 6854 7953 8192 6540 2562 2801 3498 5268 5784 8073 6306 566 674 1115 1997 2544 4359 4522 4562 4833 5219 7380 8020 1954 5695 4493 6349 6249 6038 4531 1417 2352 2845 3141 6929 5027 4082 1680 7777 3925 2105 1389 1753 4121 4708 6225 6762 147 1765 6208 909 4181 5438 7772 3438 6320 6079 2869 3341 3388 3457 2764 1054 2049 2660 4437 5099 4086 7106 3599 4148 4279 6418 6831 7522 7968 3375 1454 362 2985 3898 5013 5049 5407 8026 4942 3786 3235 7076 723 3972 7292 1323 2410 2856 3305 2744 892 6833 7260 428 4415 6642 6773 617 6612
7333 1783 4116 4808 5866 558 2133 2168 709 1730 4876 5042 5117 5950 7600 676 1327 2858 4315 5058 2379 7934 842 2520 4122 4473 6059 4281 576 6844 7493 2990 7176 1468 3417 7929 1637 3088 6167 1353 7407 401 5214 4192 6912 3517 941 3156 3528 4144 7836 7879 8048 978 1270 3289 4430 6318 6402 4488 3486 1035 7895 1715 984 2466 4176 5739 1784 3345 3903 6991 7826 2584 3418 1647 366 7122 1897 1722 5606 6591 7416 5921 3589 2262 7149 1379 2486 5275 1998 2684 7715 7846 6711 5105 1898 2514 4197 5915 4057 4701 4793 6344 6572 2331 4023 7559 2810 3571 3686 5176 5246 7342 1370 300 919 1728 1869 2007 2737 3923 6466 6768 7228 1260 1397 1490 4044 4879 107 998 1895 5015 1250 1885 7022 7030 615 1256
7617 97 2960 4358 4628 5260 6928 7424 7075 6599 5779 1329 2226 3522 3642 3742 3758 3776 4418 5459 5889 6625 7414 7717 296 1782 1961 2039 4099 4897 4904 5552 6227 7044 217 4719 430 4168 4292 7223 3136 4107 2795 3673 5248 7878 7606 4913 5638 2469 2715 8155 755 3212 7322 1124 6881 6902 7102 90 4089 5023 289 2461 4302 4470 4561 1488 1251 440 884 1486 4970 5455 5946 8074 179 2455 5265 6495 6033
7992 2891 6358 7174 1055 1942 2160 2479 4541 2123 2805 3052 3075 3827 5149 5169 7271 7517 7755 6600 4554 5334 537 6995 6829 4888 4775 7906 2530 4908 7045 7213 8122 2310 6558 2304 2747 2748 4312 4735 7581 746 2358 612 2397 391 5460 6792 6861 1483 1591 4293 5239 2594 5053 2849 2841 4003 4643 5299 4767
8160 1658 2549 3164 3631 5955 6645 7632 7876 1559 3785 681 261 1907 2800 8052 7967 3255 3674 3706 4899 5174 5471 6546 7797 6157 2244 4843 7704 8035 6125 5175 5948 6517 1685 2005 3033 3607 4597 2344 1589 3825 859 5167 5930 6416 7472 7799 2082 581 1717 3601 4422 5546 5615 6047 6943 2081 2087 2465 1732 1928 659 1080 1790 1843 2281 3330 6067 7160 2809 2679 7 442 3239 4261 4924 6381 7020 7116 7524 829 1069 2857 1087 2509 5653 6371 232 4744 4486 4789 6830 7676 2240 5194 5827 2395 2631 2898 5803 7180
1958 508 4997 138 3230 3398 5024 5989 7346 7739 7902 8087 1008 2619 5033 5285 2859 1014 5192 7273 4607 5037 4740 5129 3377 2301 4548 4269 7760 59 4857 6432 1097 5656 34 928 4119 7863 2589 1427 1616 2840 4357 4487 4560 5373 6061 6452 6825 7789 460 1312 2832 3501 3946 4583 1972 3173 3835 4134 6375 6201 1671 7742 4248 2257 3198 4213 1146 1578 3001 3424 7651 1836 2202 6110 1990 4409 6693 5427 4480 2327 3459 450 1083 1262 2058 3160 4053 4222 6106 6424 6678 7035 7751 7899 7990 3497 6332 6490 7572 8145 406 2268 3670 4724 5719 5855 7832 1550 4110 6400 5675 4050 1398 1772 3364 5509 6215 6480 7722 3539 5478
2504 940 1201 2630 7930 6624 482 3680 5224 192 668 2400 4527 5458 5602 7486 8180 73 2956 1071 3566 871 1568 2121 3455 4117 4434 6669 7574 3432 4683 5745 7735 4636 2951 3828 3322 3995 1960 2910 1916 4630 1385 6170 7085 1380 5917 7173 7447 5856 2825 488 1941 2713 2280 6695 592 3993 7298 2793 131 5213 1046 4490 6347 6550 732 1687 4343 4494 2428 4070 5559 6516 6594 7536 7935 5941 1010 196 1596 982 1446 2649 3119 4392 7125 8158 1130 70 5692 325 2566 3838 3905 3998 5405 6622 7591 485 1276 1129 3490 4160 5456 7728 133 4209 315 2187 4518 3208 942 3146 4569 5777 8188 773 1509 1900 2052 7312 7557 585 8057 1502 5383 3092 3743 4436 4734 5030 6770 3108 5908 949 1378 2095 2510 5180 6248 3446 1077 4071 5865 6043 8083 2176 4521 2573 2814 3276 3479 7724 1527 307 6509 2846 5004 5162 6604 4 985 2015 3102 3560 4721 4943 7603 2955 3985 7497
935 1512 3243 3422 4584 4731 6511 606 1384 7199 6590 5729 5696 55 3269 7081 7880 609 1144 1485 4466 1719 3209 3493 8131 6939 1890 6883 1287 1051 1095 3659 3739 3798 4072 5644 6285 2537 664 1112 2638 3005 6862 7971 8167 3836 683 6037 2613 3839 5541 7800 958 747 3546 7183 1818 1896 2222 2554 3707 5122 7685 7708 8139 950 4754 3521 5561 7629 3556 6428 4953 6385 2048 3927 4384 6348 921 3079 5683 75 2851
4114 3431 4163 6307 6699 313 5247 5226 952 8072 999 3441 634 5932 8089 4035 729 6868 6364 2833 1197 1225 1247 3043 4506 1383 2094 8081 5377 2174 3488 3779 7185 1081 7924 2227 5074 6088 7430 5542 3816 6357 7680 1979 7372 2478 4733 7824 4938 4598 5445 5473 19 8140 173 991 1347 1987 2115 2116 2371 2446 3404 4351 6231 6240 7079 1586 3171 715 6089 7396 5886 1169 6494 4017 5567 7055 7252 8008 8183 1168 3731 6166 2363 3508 4208 6729 6935 5521 4916 6523 969 2000 2954 8168 6613 5319 7152 4056 3238 971 3110 397 3044 3901 1363 630 2185 339 2580 2373 2506 3086 3808 3824 4421 7478 3536 2378 3205 3679 3797 2376 7897 1105 1472 2317 2894 2981 5892 6845 7299 7619 7705 287 727 876 2523 6309 6351 4186 5242 6412 1663 687 706 2264 2802 3371 6403 7387 6826 2318 3298 3775 5019 7138
4152 3471 4642 2838 6846 3280 6636 117 4275 7382 2662 2967 2045 2709 2476 5138 7761 1621 2666 7637 2449 7089 4931 4174 750 2386 3162 6605 6656 7229 7608 520 2763 3181 4595 5374 6186 6801 6875 6954 644 2329 2568 3988 6353 6802 1780 3746 4963 7663 7861 388 1414 2161 4423 4528 5188 1037 3854 7233 1557 2616 7353 3281 5402 3059 438 2673 5415 6326 3095 105 5621 1174 1217 2085 2243 3397 6163 7529 345 5216 5046 1614 3354 4868 4992 1554 2481 3116 5614 643 2300 2724 1761 2325 3811 5834 7912 567 4797 826 3211 7429 1889 2658 2799 478 5135 72 3819 4373 4380 5281 6556 6633 3581 4456 5470 6442 177 2487 2690 5424 2595 3495 4236 7207 7267 7375 361 3117 3216 4338
4283 454 586 5382 3968 6933 7336 7744 2385 3392 953 1348 1999 4105 6752 8090 215 908 3851 1800 793 1340 3107 5596 5608 7275 2447 866 1520 1654 3590 4811 6260 161 4011 2104 3529 4253 4617 6007 7874 229 5721 4460 5298 8019 437 1429 5944 6073 3784 3469 7647 7881 2251 1178 499 4242 5017 5237 7913 5227 1066 2681 3652 3712 903 1609 4123 4227 4552 6666 7931 1368 3076 149 965 2776 2827 3148 4150 5922 6222 6561 7197 7700 7841 3233 3569 5823 5975 2311 2374 6181 2141 4507 7734 1145 5082 3970 402 1050 2462 2890 7325 7561 7681 5356 5301 5716
4827 3395 6601 7980 6775 7000 7714 3046 716 1638 3078 3373 6687 8190 702 5649 2508 3719 5945 7117 7723 7849 197 5426 6195 6458 102 6325 679 2047 2730 5781 5821 6772 6980 6989 7748 2491 5199 3034 900 2626 6483 2079 7633 1118 2854 3266 3275 3723 579 110 7482 4844 5702 6399 6867 6457 6760 7552 2753 1741 5971 4652 4604 6922 7083 1985 4247 4795 3060 1232 1607 2083 4235 5143 5804 6436 235 432 3260 1630 2340 3202 5110 5343 5965 7822 7875 441 1858 7188 3434 497 3778 6901 7510 1846 1926 5142 5861 8109 1421 1969 8156 7532 1435 1747 2166 3629 3665 8053 4492 4244 1652 4478 8116 3427 4195 1606 2752 4476 4670 5165 7570 8068 2320 2601 4880 3464 5647 4971 5960 6165 6427 7853
5337 2490 2526 3014 3391 5831 6463 7279 4126 698 1173 3511 3863 4977 5973 6595 6985 7095 7293 2295 1269 351 4937 5811 1582 5336 2877 6276 1807 4193 165 1763 2315 5071 6048 6239 4756 2228 5503 6506 6742 6032 3800 5266 6584 7186 2928 1718 6906 3502 8094 656 5744 2915 6129 6262 6688 816 7053 1983 3954 7763 7420 4458 4799 4900 7021 6230 6730 2844 7263 596 3883 5022 6631 6913 5047 3564 2629 5849 2182 3213 4182 6124 6649 7296 6563 974 1042 1271 4005 7093 7161 2391 424 7009 15 5654 5982 7905 1977 3882 4998 6042 6672 175 4267 4961 1295 1473 6571 2464 4582 7732 282 453 2212 4304 7791 1567 2770
5397 895 1704 7051 3195 4046 7471 5369 103 1036 2191 2996 3024 3327 7483 4094 4606 7006 233 299 6369 5475 7652 368 2206 4387 5236 8041 784 3299 6932 7933 403 2822 4949 6410 5741 3199 4777 2319 2819 2149 3150 1102 2952 6692 5820 3041 5324 6282 6790 7642 1185 3732 3741 4700 2417 5802 6916 273 599 3016 4335 4893 5309 6075 7239 7259 2369 4861 2974 486 554 2299 3056 3062 3096 3192 4084 5694 5868 5968 6136 6323 6690 7181 7476 7910 425 993 6959 6683 3467 3658 4062 5409 6630 7627 8016 2362 5104 7109 7230
5715 5706 7214 1131 2229 2538 552 1771 2648 3077 3165 5177 6611 7094 2165 472 7499 774 3892 5193 6647 7440 6082 3247 3537 7194 381 327 931 3326 5730 573 8173 6904 1075 1366 2555 2599 2980 3190 3325 3698 4999 7153 7718 5387 1774 6542 6629 8166 5041 3541 3140 3969 4310 5665 7709 8033 30 4699 5146 7481 856 1548 2267 4171 7991 847 6944
7694 1563 2551 5230 8111 423 5610 8121 3003 1110 6237 6735 4768 239 1703 66 1093 2942 3282 3514 4605 6265 6710 6718 274 920 1356 2021 5010 7925 3002 6293 4994 6205 3494 5079 6851 7165 5853 153 2102 2735 4102 5279 6015 6311 7164 392 2907 5183 1204 409 519 4482 5686 7362 7526 3736 2668 3530 4618 7833 3226 4219 2485 4712 4445 1956 4041 8064 1156 1832 5112 7979 7067 6027 5089 6198 6726 7683 4814 2771 2937 415 1665 2836 3220 4877 6930 7820 5677 4851 4172 4433 5139 5185 7438 7896 2966
7908 3306 5189 1851 3068 5007 3807 4948 7274 7455 2263 5088 2663 6084 7656 2062 5098 420 2154 2214 3960 5107 6273 6421 7113 7392 1945 3218 3253 4684 2618 1775 2482 5845 6828 7301 7615 7244 1867 2221 4112 7672 4990 1935 1992 5523 8043 2407 7764 981 6152 6473 4399 3953 4087 6646 1519 4264 3735 628 1253 1986 2790 5385 7539 5067 3663 1849 6682 1094 5977 6725 5671 6202 7628 1575 3809 3913 4440 4714 6053 43 455 608 3928 4220 4225 2274 8185 3704 37 1971 2930 7400 7962 763 890 1233 4917 5462 6017 6091 3971 1872 4946 7365 1020 1580 6242 5617 4350 1912 2610 199 1467 7713 9 493 3234 2820 4060 5867 5964 6761 38 137 1029 3111 3232 3940 5096 4566 848 1057 6635 6848 5881 5929
5 1522 2742 7452 571 5832 3633 569 1377 2396 5587 7001 1122 1884 6877 1814 6146 211 4764 4287 3504 2237 7005 7479 4593 3348 3690 4641 4707 7549 1481 2309 498 1367 5204 6914 7939 7257 2843 3031 3616 4210 4533 6188 6447 7828 332 597 1754 3681 2943 3261 6824 2086 7963 795 4813 6354 6502 7741 426 719 1284 4519 2725 1330 1526 7114 3379 5759 2565 2512 633 3463 4453 4537 6374 7023 7543 2545 5381 720 3384 5380 5441 5556 5585 5718 5911 6362 6378 6386 6992 6996 7477 7501 7811 735 1202 1386 1455 3408 4184 4901 5114 6905 2038 1452 792 863 2035 4256 4512 5128 6979 2069 4599 5069
2375 1315 6060 2645 8103 8162 4188 356 3559 5100 5367 5893 7796 1613 1729 2935 3651 5588 7246 39 785 2778 4164 1113 1583 1679 3614 4183 5515 1228 4285 4136 2326 771 3606 2316 5039 4156 6648 4376 384 4667 3532 2578 4153 5826 2853 3585 5184 635
2579 1552 5454 8093 5595 2128
3115 2458 6437 2912 3270 7590 4596 247 2722 3222 3249 5553 501 632 3032 6720 1479 285 1375 2217 6292 6619 373 1408 1562 3634 6438 7389 6527 2774 7442 7698 7703 8176 6671 5590 2570 5632 5829 7951 3244 2852 2921 3304 4837 5315 5859 7643 2056 4157 1203 670 3554 4360 6638 7026 7038 7242 7893 1457 2024 4854 5102 6484 6585 8172 851 6741 574 1189 61 2441 3738 4307 6533 631 6329 129 2888 5331 24 7831 7757 1053 2982 4602 4282 2138 2993 802 118 6219 7563 8027 821 6500 4973 8148 6258 5752 1289 4439 5891 4158 3963
3480 1750 4981 6478 6860 390 788 990 4571 6716 8150 753 1492 4867 6433 7231 5740 3332 2169 4212 7078 7272 5450 3580 7332 2535 7028 3420 3801 3730 5897 6789 7691 253 6401 56 2592 3193 3561 5250 5819 6363 6598 6807 7669 1009 1622 1822 5048 1785 2277 7521 7885 58 2010 6782 840 1134 6194 1873 5805 7352 4898 4834 5124 5234 5828 6352 7679 8151 5287 190 1089 2381 6087 6697 7792 3831 1021
4889 4426 6196 311 3491
5681 2961 5905 4385 4757 5077 7673 418 3533 1915 2571 7172 6423 3931 4224 3725 2632 1023 860 4505 3623 3049 936 7032 3936 2919 85 3357 3664 3914 5810 6492 3531 3982 4849 6350 5447 2167 3976 1179 6275 1030 2291 5020 5449 6894 8136 2367 3349 2879 5852 1892 6727 7130 7212 7324 7678 1172 3812 4015 3780 5573 1737 2231 3219 4175 4303 4645 4958 8058 1786 1079 7645 7915 2561 798 3319 4294 6537 2463 2938 3848 5329 5699 6383 7839 8080 1338 4738 6884 4137 4632 2399 3382 3586 3975 6267 7869 1886 1200 4032 1441 1802 3204 3668 4928 5549 6160 6976 7169 1929 3262 283 2336 1212 1634 1678 5157 5998 6435 8039 8099 2867 6704 376 3489 5304 5778 6869 5361 1098 7281 4542 4048 338 1879 1978 2093 4526 5551 6925 7386 435 1420 2596 7008 3129 3789 4835 2860 4402 6781 431 3178 1165 1510
5838 1106 7616 8107 6034 226 3184 3331 3600 4499 6794 7015 1248 2496 4927 6839 163 6545 7586 3708 5272 371 3649 3688 3922 6663 6893 7318 5081 1627 6987 5554 7639 4745 487 531 284 4332 5527 8153 6670 4881 2699 3523 4800 7037 4515 4389 1499 4330 7840 8138 6733 2423 1626 2289 3986 4574 6965 7855 7904 378 3676 5768 7719 915 2236 1518 188 1306 3015 3973 6012 3252 812 3231 5282 6703 1572 2195 3376 3624 265 1805 2712 651
5992 260 823 1491 5634 6115 764 1361 5858 7720 2628 4363 7949 4078 2042 1205 2437 1318 1930 2457 3563 4449 4504 4894 5624 6835 6970 7882 8126 3180 2223 1040 6899 7060 7393 7556 4427 2066 6924 6119 2521 47 1275 2682 2761 4352 5465 5545 6470 708 1477 5276 5306 1432 2421 3900 35 2600 4342 4944 1322 3137 6531 6866 649 682 4020 5839
6454 745 7605 5572 2927 3444 1291 1673 3547 5359 414 2333 7453 419 1263 8159 1466 3158 6050 8177 3175 4839 2204 6744 542 1547 1756 740 2646 7950 396 2404 2497 2429 869 1299 1390 2406 3038 4196 4649 5006 7995 8056 7598 158 1842 2671 3751 3964 5420 5398
6701 2198 1537 1191 3856 6301 151 7886 3475 4026 5698 6279 372 1086 1500 3584 5370 1891 88 1311 2032 2122 5215 6947 7923 8034 1676 3051 5790 1931 1936 6058 7112 7825 1808 954 3870 5623 6535 1661 5579 5612 476 3144 176 1413 4259 6430 6888 1302 4679 4774 4578 3867 1369 2055 2259 6398 6453 7667 7778 166 607 796 3661 777 2472 3363 5121 6253 6491 1171 2341 2936 3087 5682 1373 8013 1022 2692 7313 7337 3535 2970 5672 503 2916 7327 7345 3610 3829 4073 6657 8032 2255 5742 288
6837 2314 5622 7856 6328 320 2099 3343 5913 621 2292 2287 2180 3113 3358 4432 5171 7507 8132 2539 4987 6255 2159 6534 2147 3844 5378 7737 2424 3221 1963 2124 5430 6849 7014 5008 8029 561 3737 5148 1702 4551 6384 7192 7118 1981 2239 2983 4058 4221 6070 7519 671 5737 6808 779 3246 7489 880 2046 3773 5209 5791 7024 6031 155 765 2977 6836 964 1246 1955 6813 655 5809 200 1525 2188 2439 4696 6266 6471 262 1764 4886 5732 7360 973 4950 6464 2136 386 1449 2913 4748 4883 5233 6356 7069 7331 321 696 1132 4980 7806 3962 4014 8143 1244 5231 1655 2522 6289 496 2593 776 6909 7523 49 3066 3596 4076 4475 4653 5636 6739 7817 206 6538 1033 2738 693 4061 5349 5511 5534 8031 3449 4869 2389 521 3264 3565 5354 7860 7985 7265 2703 5833 6095 2507 4772 5962 3685 7384 3618 1405 835 1305 6637 6938 5289 252 556 4544 7582 6691 2184 3992 7042 7712 8154 7626 6336 7377 1463 4165 5244 3118
7363 4715 5914 5500 544 7997 1391 2728 7191 6425 2072 326 4129 7243 7439 6221 926 1514 1599 1656 2089 2451 3990 4125 5464 6368 6818 87 399 5751 2553 3336 1003 1162 3366 5212 5519 5736 5812 6482 7410 7738 626 904 1314 3641 5689 6190 1317 2403 3648 7412 8005 171 6986 6982 6112 7034 8113 4914 6162 2324 4143 1313 2643 800 2343 5312 5722 6229 1625 7344 159 2519 2826 3447 5443 3259 5062 7351 4474 3224 4874 5733 6407 6676 4118 5393 5995 6910 6977 8096 1689 2060 2127 5956 5548 246 3351 4381 3100 7159
7415 2557 1303 647 2615 3576 4334 6388 6525 1374 3278 3709 514 7140 394 5206 6919 8044 268 277 4884 726 782 809 946 1078 1827 6842 1024 1660 2639 1328 3020 3897 45 193 2773 1240 2438 6138 474 4028 4616 8171 1017 1528 988 1855 3745 5609 8097 1708 2356 951 389 1980 4127 71 3637 312 613 1696 1769 2665 4036 4098 5038 5486 5986 6327 219 297 290 3093 3500 5293 6000 1619 983 7361 1693 4277 6204 6340 6632 6898 6931 7204 756 1662 4038 1088 164 718 3048 6530 872 7262 1482 4982 5466 42 748 2100 2635 5880 6305 7461 78 135 3236
7460 1011 1326 2436 6335 7007 7889 768 7711 4455 360 7205 7254 7585 5530 2708 1186 3525 3702 6169 6413 3142 3545 3864 640 2536 4081 5338 5904 5302 6993 616 4732 4926 5412 7202 223 3850 279 6101 7986 2294 2582 2950 3956 6559 2995 2868 3869 4370 4979 5996 806 1258 3603 646 182 309 1357 1388 2416 2513 4378 4882 7131 3419 1964 91 3369 4658 5259 7422 7554 1635 2051 4709 6968 5883 7240 3849 2254 7178 7326 3557 5388
7802 141 7335 7071 1148 2788 4534 7056 529 3855 154 1319 2475 2558 3106 208 3263 4723 7450 6753 4424 4613 7391 2642 1821 5899 515 1682 3655 6109 33 956 6603 5297 6247 2768 3333 5290 7048 348 4694 4664 3394 3939 4688 4933 7527 379 3347 3460 127 2383 2855 3544 5813 6176 6621 6653 7994 8024 8060 6092 3346 6606 7816 6429 7016 5411 6554 7546 6274 7564 2862 6116 1456 2068 3657 7291 1976 6754 36 6277 5410 6238 703 3296 3763 5472 5501 7057 7957 4966 902 2939 60 257 1585 2402 3593 4368 4411 4673 4677 5789 5943 6575 6814 7227 1574 5757 5419 281 484 1587 3845 5168 6679 7119 7907 4557 5577
7812 1004 4579 7898 3747 2686 3440 4829 5210 5439 6008 1474 1401 1541 1874 2698 4989 7609 3505 5562 1839 5934 3338 536 6579 7074 1505 1651 6148 1297 1018 301 8108 108 1531 1919 3352 5202 293 3153 5160 6822 125 4575 6308 6415 7063 7569 194 5474 5939 6199 6803 7649 53 1837 2881 4339 4875 5150 6608 1504 1073 1355 3728 6689 7303 6009 5669 1237 3058 1995 4925 5009 2158 7150 5108 1376 2864 3063 5195 6055 7487 7562 8149 48 2029 2145 2762 2816 3703 228 6999 913 183 1632 1835 1866 2368 2450 3183 3279 3321 3803 4085 4090 4270 5991 6085 114 2884 8021 3295 7464 2700 2749 3762 6040 6643 7525 652
8023 5957 2118 4697 3604 7288 241 6041 439 838 841 4066 4243 4831 5728 6316 4787 3154 21 2076 5158 5364 370 1701 1882 3396 6864 944 2172 2443 2550 6117 924 1400 1952 7784 7459 7917 2238 7514 4921 3081 4059 4231 5616 2322 1063 4228 4262 5766 1447 3082 3283 7096 2384 6712 5679 7052 6872 7381 2874 7604 3383 6615 3168 7858 3933 5375 7465 5308 1707 41 3912 1988 3365 4782 997 2156 4862 5767 7221 8117 3421 6548 4906 354 2882 4297 6907 5688 4568 3361 4316 4327 7659 1229 6747 2997 787 722 5597 8191 7226 67 5442 4477 4608 6197 2077 2092 5341 6072 124 7993 5639 3286 6234 7088 1117 7224 650 2500 5181 7946 4068 2342 1254 3316 3509 5155 5376 6118 7276 3961 13 4077 1249 1588 7080 623 96 4377 4703 5571 6878 7373 7774 7864 1277 1475 2669 7425 8025 1019 4465 4502 672 481 5255 6068 6513 6700 7965 8063 8144 169 1015 7852 1564 4322 589 4489 112 3445 1546 4469 7236 5775 5395 8106 2162 1853 6738 1795 2641 5238 5305 5863 5954 5981 1214 3865 4550 4846 4935 8040 2279 4404 1224 2829 5335 5772 6587 7866 2411 5591 1950 6570 1508 3810 4674 6445 505 7809 7268 862 3022 4346 7141 1840 1515 1539 2126 2431 2824 4451 5432 5491 5928 6123 6389 6777 2945 4161 4443 4919 2644 3626 2467 2750 3109 3592 4063
8070 3924 5916 1339 4646 6324 7248 3724 4662 7496 7854 7943 8055 2866 4634 5841 685 463 1230 7099 8003 2332 3009 5166 5705 7779 4725 2511 4553 5154 6377 7509 3675 5057 5435 6387 413 446 2001 2018 2297 3820 3888 4739 6541 7283 8084 1394 4501 2418 2720 4251 4395 6134 6974 578 749 3372 896 1103 2258 3662 3757 4024 4250 4286 4773 5444 5800 7432 1164 2897 4801 690 1646 2797 4042 5703 6810 7108 347 2107 1393 1416 6359 6778 7189 7699 3188 6066 7580 69 461 517 3006 5045 7370 959
1445 113 5080 1239 2710 1751 4726 4815 46 4420 1779 1494 1797 3112 5446 5482 7788 489 507 1028 2435 1336 910 6780 6815 2017 2135 5451 6346 1695 2488 2892 6343 7807 8115 123 1049 7932 323 4336 6036 7901 3733 3804 5270 4472 7926 2729 4516 1920 4092 5714 6948 7013 3911 5134 2426 6988 434 2693 4589 1392 2850 4006 5725 7388 2887 22 1697 4323 4361 5161 5485 5637 6187 6920 7019 7621 7975 8142 1100 2175 2252 2803 3123 3292 6728 4936 207 883 7754 1002
2687 353 7533 3018
3510 1198 3390 3852 2721 7614 5878 5963 6661 5111 4139 1219 3451 4419 8000 4819 1354 4313 5776 5879 6841 7790 975 1265 3682 7349 1076 1433 1833 5016 6617 6721 7937 433 916 1084 4391 7394 653 730 1838 1881 2434 3026 5539 6189 7329 7340 8102 295 1221 5794 4138 1560 4763 7383 3256 6784 7495 1085 4178 5026 5514 662 2787 3450 7954 657 4223 5565 1850 5357 2194 725 1236 2731 3978 6342 7070 7821 224 987 1333 4246 4496 7077 3241 7804 2004 5187 6859 7154
3579 3273 3640 7743 3339 5126 170 2293 2651 7171 2818 5203 2248 2815 3378 5264 5280 1571 2775 8014 970 2495 6069 1439 7870 1395 5109 5584 7323 4532 395 2422 3356 6287 6972 7222 808 5783 1901 6759 7356 7725 1600 3194 5173 3496 1762 4975 6158 7463 3796 8047 7540 2119 3084 5433 6018 6065 7190 220 1669 3813 4444 6313 1143 1648 7492 18 4810 1404 2923 3089 3301 3821 5211 6333 464 7498 1623 4666 5252 6105 7017 7105 7467 363 1470 5286 7978 4807 3862 1166 1911 5489 5927 3886 5507 6489 6740 979 6099 2946 1854 2112 2494 2678 3435 6284 6406 6569 6589 1966 2013 603 374
4333 2006 844
5353 3926 7819 553 1615 4319 7502 405 1175 6900 234 4805 6299 7958 6246 1423 1402 6644 7107 1668 2253 5365 4581 1220 1989 2901 6618 7158 1521 443 6662 5075 329 533 992 1918 3615 4803 5496 5837 6493 6628 8046 8061 86 5452 7610 1809 4245 3217 4483 5574 5942 6503 1569 4952 5848 6390 7868 4300 4203 5613 6021 754 2782 6677 7187 4133 3885 1868 4586 1524 5760 6462 3520 7193
6137 2740 2784 1424 6573 8114 882 3683 7955 2745 7765 7419 7428 92 3476 3340 1755 4728 490 789 3039 3945 3549 1804 4207 62 4622 2934 5416 7031 3090 3672 622 121 541 1092 2552 3842 6419 2899 3053 4983 7961 590 7547 7593 6853 1396 2779 2971 7909 280 684 3466 1517 1947 3822 6056 6450 8022 238 961 7726 555 1324 5060 5518 6132 7692 563 5113 8105 1984 3518 7770 8066 3997 6654 2889 2958 1282 1448 5029 5642 7354 7952 1157 1331 4974 5311 5598 957 1209 336 3389 4169 6460 6765 977 7217 2755
6206 4870 1982 2634 2197 8069 1039 2531 80 4347 4162 5961 535 5924 7061 7341 3791 832 3010 352 3284 6193 7126 7162 5018 214 3425 4520 6659 7916 1043 4996 881 2419 3754 5001 836 1107 2627 5229 6133 7241 923 2885 2947 4214 7730 780 1074 1438 1558 3818 5021 7348 475 3272 2940 5095 5798 5888 6477 7560 1573 2360 2835 3147 7470 7490 1949 4468 7320 157 3647 4405 7976 2207 4367 349 797 2984 3868 3951 5599 7287 7542 2837 466 2872 7179 3271 5657 3887 4722 3036 6459 221 4832 673 2278 933 7759 3717 5342 1777 7808 4838 4995 393 7132 305 2129 3047 1943 2900 3300 4890 5358 7449 1450 5258 4549 6440 1847 6800 2216 7666 7827 4237 2224 6553 8119 818 6179 614 2208 7999 2548 5824 7613 2150 4620 4769 6817 7530 2053 572 3159 3558 4817 4822 5999 6013 8179 1801 3896 1 120 1350 3470 4655 5498 5870 6339 7911 822 3937 4691 5780 6889 7677 4079 4771 6650 600 126 5816
6341 6054 7458 6078 76 115 5774 6763 7475 7664 5123 1136 3760 5003 5900 6183 7541 1670 3484 4064 8038 337 4788 2711 4523 258 5664 3573 601 1163 2074 3889 4362 7871 8088 1031 355 3436 4170 5429 5467 6551 7195 7374 6365 451 3381 3406 3666 6310 6723 2895 1321 7408 5362 2883 5197 5857 6391 6576 4872 7253 2346 411 2142 2707 2808 4681 1748 1937 6486 4601 588 3313 4786 5988 6588 7441 1536 4412 728 654 4530 4266 758 2044 3458 7129 7686 8017 4510 2453 4166 1533 3070 7592 584 1307 2529 7175 1443 2140 4611 5205 8123 1710 7638 2717 2337 3443 4626 6283 7059 2893 891 1910 7815 5528 2633 3485 4588 4592 4766 1410 2179 4069 5663 7445 5328 3328 3915 2146 3761 4954 6062 7977 1155 4009 4717 4100 1798 3677 3833 3871 6046 7595 6064 5734 6345
7033 4969 6797 3477 6172 134 1425 1503 1939 2284 3625 6203 6681 705 201 227 3548 7892 3182 2743 4311 6290 3991 1114 3303 4348 4558 5909 6793 6953 7314 8129 4986 5937 6213 4147 1844 2286 4737 820 1310 5923 2925 2969
7456 6555 4249 6737 3948 8078
7518 7515 3932
8133 6156 7443 5787 1349 4781 5796 7435 1857 760 2306 2387 2870 6804 6044 6536 6750 7308 1304 3700 4369 4491 3134 3815 4454 4671 7062 1653 2515 661 5172 4940 5792 8141 1403 4759 292 803 1206 1778 2199 3996 5629 6795 8028 1459 5851 5920 6665 1677 4025 427 471 2683 2741 3967 5228 5254 5547 5611 5717 6174 6216 6243 6767 7623 7625 861 2445 2640 2677 2962 3481 3519 3916 3943 5389 8030 2033 3711 4450 4638 539 77 278 2817 3619 6272 7884 3080 6467 2726 6111 5372 4045 8042 846 1149 2109 1252 1096 1160 1431 2518 3223 3254 6474 7237 7528 704 106 741 6921 5346 8054 845 4702 6268 7883 4659 2312
700 516
4260 564
6180 3155 3166 3085 6074 6610 6098 6969 2685 4650 5000 8079 8059 3245 4932 1064 3367 1876 8006 6507 6023 2848 3411 3671 4524 5898 5028 1870 3407 3981 5762 7695 359 8137 65 276 1257 1601 7054 7657 815 1612 3288 7959 1061 1292 1062 6395 3257 3721 3984 5256 5492 6821 7003 7583 7727 302 2273 3200 7534 2861 2908 4856 695 1211 2473 2505 2572 7043 1154 3121 1419 1458 7928 1633 3492 1618 2796 255 1845 4218 5862 6524 7548 7696 272 6107 3857 4922 477 1871 4546 1153 1496 2433 4101 4341 4567 4651 7409 7448 7650 666 1187 2398 2806 3360 5355 5786 7575 4663 5701 4988 5225 4241 6076 7177 6303 5106 5457 6114 6481 6557 7306 145 6302 150 543 4145 8127 7426 4711 4615 2904 5115 868 3795 7801 6063 3229 6281 7210 7749 269 2213 4885 6094 2772 3174 1127 2132 2171 4298 4514 6024 1430 7211 7983 6476 7555 6 694 721 1806 3567 4891 5646 6226 7280 457 3929 7922 382 3591 4603 5901 6420 8146 1953 2393 4301 1434 1628 2181 4462 5422 6564 8161 2676
6211 1381
6623 2978
275
865
1288
1542
1863
2347
3240
3478
4448
5063
5743
6029
6485
