43
10
1 0 0 1 
7 0 1 4 
5 0 4 1 
8 0 1 3 
6 0 3 4 
5 0 4 2 
6 0 2 2 
6 0 2 3 
7 0 3 1 
3 0 1 0 
2 1 0 14 
7 7 14 6 
8 5 6 14 
13 8 14 5 
11 5 5 5 
13 5 5 5 
11 5 5 11 
11 6 11 10 
13 7 10 8 
3 3 8 0 
2 1 0 13 
11 10 13 6 
14 8 6 5 
8 8 5 10 
5 8 10 11 
12 13 11 10 
5 13 10 14 
5 12 14 14 
6 13 14 9 
2 3 9 0 
1 2 0 14 
8 11 14 14 
5 14 14 13 
6 12 13 13 
8 7 13 7 
6 12 6 14 
12 8 14 9 
6 5 9 9 
10 6 7 7 
3 2 7 0 
4 4 0 12 
7 8 5 9 
14 8 9 12 
7 14 13 14 
12 11 14 8 
9 12 11 9 
10 12 8 12 
10 6 12 6 
8 10 7 11 
4 3 11 0 
4 4 0 11 
14 7 11 10 
9 14 10 11 
10 7 14 13 
12 14 11 10 
11 14 10 9 
8 14 9 6 
9 10 6 6 
13 8 6 8 
2 4 8 0 
1 4 0 11 
13 14 11 6 
13 9 6 8 
11 10 10 7 
9 8 7 9 
8 7 9 8 
8 8 8 7 
14 9 7 11 
5 13 11 5 
3 2 8 0 
3 1 0 13 
5 13 13 6 
5 13 12 12 
9 8 12 6 
13 9 6 7 
7 6 7 12 
13 6 12 6 
10 12 6 9 
7 5 9 12 
1 3 12 0 
1 3 0 11 
12 9 11 7 
12 5 12 7 
11 9 7 5 
7 13 5 10 
10 7 10 12 
9 13 12 13 
10 10 13 5 
6 7 5 9 
2 1 9 0 
0 1 0 4 
0 12 3 3 
0 12 3 2 
0 11 2 2 
0 11 2 4 
0 10 4 4 
0 9 4 4 
0 10 4 2 
0 10 2 1 
0 3 1 0 