54
16
1 0 0 17 
22 0 17 5 
19 0 5 17 
7 0 17 13 
8 0 13 17 
2 0 17 9 
19 0 9 13 
2 0 13 13 
10 0 13 1 
10 0 1 9 
7 0 9 9 
20 0 9 1 
6 0 1 13 
21 0 13 9 
15 0 9 9 
17 0 9 0 
5 1 0 18 
18 22 7 4 
22 19 4 18 
4 7 18 7 
15 8 7 20 
6 2 20 22 
3 19 22 11 
14 2 11 18 
4 10 18 15 
8 10 15 22 
11 7 22 20 
15 20 20 10 
16 6 10 14 
21 21 14 22 
19 15 22 20 
17 17 20 0 
1 5 0 7 
14 14 7 21 
2 22 21 22 
8 4 8 3 
20 15 3 19 
21 6 19 18 
14 4 18 3 
22 14 3 7 
21 4 7 6 
2 21 6 22 
14 11 22 20 
14 15 20 15 
11 16 15 11 
16 21 11 6 
3 7 20 2 
17 17 2 0 
9 1 0 21 
12 14 21 19 
4 8 19 2 
18 8 2 2 
21 3 2 21 
11 3 21 4 
6 14 4 20 
22 22 20 16 
3 21 16 14 
20 8 14 19 
8 14 19 14 
2 14 14 18 
6 11 18 6 
7 16 6 20 
16 3 20 10 
17 17 10 0 
13 9 0 10 
7 12 10 16 
18 4 16 22 
8 18 22 2 
18 10 2 11 
20 11 11 7 
19 11 7 15 
14 20 20 20 
19 3 20 10 
6 15 10 4 
21 8 4 19 
2 2 21 20 
18 6 20 16 
18 7 16 20 
12 16 20 8 
9 17 8 0 
17 13 0 16 
15 7 16 3 
15 18 3 12 
14 8 12 2 
4 18 2 18 
16 20 18 14 
7 19 14 16 
21 14 10 12 
4 19 12 16 
7 6 16 16 
22 21 16 7 
12 3 7 2 
2 18 2 6 
21 18 6 21 
22 12 21 14 
13 9 14 0 
17 17 0 18 
4 15 19 12 
7 15 12 15 
12 14 15 10 
7 4 19 16 
10 16 20 22 
16 7 22 18 
10 21 15 8 
6 4 8 14 
4 7 14 11 
16 22 14 10 
11 12 10 7 
16 2 7 21 
18 21 21 8 
4 22 8 4 
13 13 4 0 
5 17 0 15 
4 4 15 12 
12 7 12 11 
22 12 4 3 
16 7 3 2 
15 18 2 19 
8 16 20 10 
12 10 10 15 
8 6 19 10 
10 4 3 22 
7 16 22 14 
12 11 8 20 
2 16 20 12 
18 18 12 3 
10 4 3 16 
13 13 16 0 
5 5 0 8 
6 4 8 7 
19 12 7 6 
10 22 6 10 
20 16 10 6 
19 15 6 11 
12 8 11 2 
12 12 2 8 
14 8 8 11 
12 10 11 11 
19 7 11 18 
19 12 18 2 
14 2 2 7 
11 18 7 11 
14 10 11 4 
5 13 4 0 
5 5 0 16 
11 6 16 10 
12 10 10 16 
19 10 16 10 
21 20 10 6 
11 19 6 18 
6 12 18 6 
6 15 15 15 
3 14 15 3 
12 12 8 4 
7 19 4 20 
19 19 20 19 
21 19 19 6 
21 11 6 7 
19 14 8 3 
13 5 3 0 
9 5 0 4 
10 11 4 22 
21 12 22 3 
21 19 3 10 
16 21 10 19 
3 11 19 7 
21 6 7 11 
3 6 11 3 
7 3 3 2 
15 12 22 14 
19 7 14 21 
11 12 21 14 
7 19 14 3 
2 10 3 10 
20 19 10 14 
5 13 7 0 
1 9 0 15 
14 10 4 22 
15 21 22 15 
12 21 15 4 
12 16 4 3 
3 7 3 22 
8 21 22 22 
21 3 22 21 
19 7 21 8 
8 15 6 8 
11 19 8 4 
2 11 4 4 
19 7 4 4 
6 3 4 14 
2 20 15 11 
13 5 11 0 
5 1 0 15 
2 14 15 19 
20 15 19 21 
6 12 20 15 
10 12 15 14 
18 3 14 3 
2 8 3 11 
8 21 11 12 
14 19 12 11 
20 8 11 16 
3 11 16 22 
4 2 22 19 
15 19 19 2 
18 6 2 20 
4 2 20 16 
1 13 16 0 
1 5 0 8 
15 11 8 3 
12 20 3 3 
18 6 3 6 
18 15 6 6 
16 18 6 12 
6 2 12 14 
16 8 14 21 
12 14 21 8 
2 20 8 22 
21 3 22 22 
20 4 22 7 
12 4 7 18 
20 18 18 7 
2 4 21 8 
13 1 8 0 
5 1 0 4 
2 15 4 11 
12 11 11 22 
15 18 22 11 
18 18 22 3 
15 16 3 3 
8 6 3 10 
11 16 10 22 
10 12 22 8 
19 2 8 15 
20 21 15 16 
21 20 16 16 
6 12 16 8 
6 20 8 18 
18 2 18 22 
17 13 22 0 
0 5 0 1 
0 2 1 1 
0 12 1 9 
0 15 9 17 
0 18 17 9 
0 15 9 5 
0 8 5 17 
0 11 17 1 
0 10 1 9 
0 19 9 5 
0 20 5 5 
0 21 5 1 
0 6 1 1 
0 6 1 13 
0 12 13 9 
0 17 9 0 