9
8
6 0 0 3 
11 0 3 1 
10 0 1 2 
16 0 2 3 
14 0 3 1 
13 0 1 4 
12 0 4 3 
7 0 3 0 
5 6 0 10 
14 11 10 13 
11 10 13 12 
10 16 12 13 
10 14 13 16 
13 13 16 10 
12 12 10 12 
4 7 16 0 
7 5 0 15 
12 14 15 14 
16 11 16 9 
12 10 9 10 
15 10 10 16 
9 13 16 9 
9 16 9 16 
5 4 16 0 
7 7 0 13 
10 12 13 13 
16 16 13 10 
10 12 10 15 
10 14 15 10 
12 9 10 14 
14 9 14 14 
3 5 14 0 
5 7 0 15 
15 15 15 13 
13 16 13 10 
16 10 10 14 
13 10 14 10 
10 12 10 12 
11 14 12 11 
3 3 11 0 
1 5 0 13 
16 15 13 10 
11 13 15 12 
13 16 12 14 
16 13 14 13 
13 10 13 15 
16 11 13 10 
1 3 10 0 
6 1 0 10 
11 10 10 11 
14 11 11 14 
10 13 14 10 
9 16 13 11 
9 13 11 13 
14 16 13 14 
8 1 14 0 
0 6 0 2 
0 11 2 2 
0 14 2 7 
0 10 7 1 
0 9 1 3 
0 9 3 6 
0 14 6 5 
0 8 5 0 