12
9
2 0 0 1 
7 0 1 4 
5 0 4 4 
5 0 4 1 
9 0 1 2 
5 0 2 4 
13 0 4 4 
11 0 4 1 
1 0 1 0 
1 2 0 10 
12 7 10 10 
9 5 10 9 
10 5 9 6 
7 9 6 6 
5 5 6 9 
9 6 9 8 
12 11 12 10 
3 1 10 0 
1 1 0 8 
5 12 8 5 
6 8 5 13 
6 10 13 7 
11 7 7 11 
11 5 11 10 
13 9 10 9 
6 9 9 9 
3 3 8 0 
4 1 0 12 
6 5 12 10 
13 6 10 11 
13 6 11 12 
13 11 12 13 
7 11 13 9 
7 13 9 9 
7 6 9 5 
2 3 5 0 
1 4 0 10 
12 6 10 12 
5 13 11 7 
13 13 7 8 
11 13 8 12 
10 7 12 13 
12 7 13 7 
12 7 7 9 
2 2 9 0 
2 1 0 13 
9 12 13 8 
8 5 8 8 
8 6 8 5 
12 11 5 10 
11 10 10 9 
10 12 9 6 
5 12 8 12 
2 2 12 0 
3 2 0 11 
7 6 11 12 
6 8 12 6 
8 8 10 5 
7 12 5 11 
13 11 11 6 
10 10 6 8 
6 5 8 7 
3 2 7 0 
4 3 0 8 
11 7 8 5 
13 11 5 5 
7 8 5 6 
9 7 6 11 
10 13 11 8 
6 10 8 8 
13 6 8 7 
2 3 7 0 
0 4 0 1 
0 11 1 3 
0 13 3 3 
0 7 3 3 
0 9 3 3 
0 12 3 4 
0 6 4 4 
0 13 4 2 
0 2 2 0 