19
10
1 0 0 1 
7 0 1 4 
5 0 4 2 
8 0 2 3 
6 0 3 4 
9 0 4 4 
11 0 4 4 
10 0 4 4 
5 0 4 1 
3 0 1 0 
3 1 0 13 
10 10 13 5 
8 5 6 14 
13 8 14 5 
5 5 5 13 
13 9 13 12 
10 11 12 13 
7 10 13 14 
13 5 12 12 
1 3 12 0 
2 3 0 6 
11 10 13 6 
14 8 6 5 
7 13 5 10 
11 5 5 11 
5 13 11 5 
14 10 5 13 
6 7 5 9 
6 13 14 9 
2 1 9 0 
1 2 0 14 
8 11 14 14 
13 14 14 7 
13 7 7 8 
10 11 8 5 
5 5 5 11 
9 14 11 7 
14 6 7 7 
10 6 7 7 
1 2 13 0 
2 1 0 14 
7 8 8 9 
14 13 14 5 
6 13 5 13 
8 10 13 7 
9 5 7 8 
14 9 8 12 
6 14 12 6 
11 10 6 11 
3 1 11 0 
4 2 0 11 
14 7 11 10 
9 14 10 11 
7 10 11 10 
12 8 10 12 
11 9 12 9 
8 14 9 6 
12 6 6 10 
7 11 10 8 
3 3 8 0 
1 4 0 11 
13 14 11 6 
13 9 6 8 
8 7 8 8 
9 12 8 14 
12 11 14 8 
6 8 8 13 
6 12 13 13 
5 7 11 9 
2 3 9 0 
3 1 0 7 
9 13 7 6 
6 13 6 12 
9 8 12 6 
8 9 9 7 
10 12 7 10 
6 6 10 9 
5 6 9 9 
7 5 9 12 
3 2 12 0 
1 3 0 8 
12 9 11 7 
7 6 7 12 
6 9 12 10 
8 8 10 5 
12 7 5 12 
10 11 12 14 
12 5 14 14 
10 9 14 11 
4 3 11 0 
0 1 0 3 
0 12 3 3 
0 7 3 2 
0 6 2 2 
0 8 2 4 
0 12 4 4 
0 10 4 2 
0 11 2 2 
0 10 2 1 
0 4 1 0 