35
9
2 0 0 2 
13 0 2 1 
10 0 1 3 
7 0 3 3 
9 0 3 3 
8 0 3 3 
12 0 4 3 
11 0 3 1 
1 0 1 0 
4 1 0 5 
11 13 5 5 
9 10 13 9 
9 9 9 6 
6 9 10 12 
13 11 12 13 
8 12 13 11 
7 11 11 7 
4 1 7 0 
4 4 0 5 
12 11 5 10 
10 9 10 11 
5 9 9 10 
8 6 10 10 
7 13 9 9 
8 13 9 12 
9 7 12 7 
2 3 7 0 
2 4 0 13 
13 12 10 7 
10 10 7 12 
11 5 11 10 
8 8 10 6 
9 7 6 11 
8 8 8 5 
6 9 5 5 
4 2 5 0 
2 2 0 12 
12 5 12 8 
13 10 8 11 
13 11 11 6 
5 8 11 7 
5 9 7 6 
9 8 6 9 
5 6 8 7 
4 4 6 0 
1 2 0 10 
11 12 10 12 
6 7 12 11 
5 13 11 7 
11 5 7 12 
8 5 6 8 
10 5 8 8 
13 5 6 8 
4 4 13 0 
3 2 0 5 
12 10 5 6 
8 6 6 12 
7 13 12 7 
10 11 6 13 
7 8 13 13 
6 10 13 7 
9 13 7 11 
1 4 11 0 
3 3 0 13 
12 11 13 6 
7 8 13 6 
9 7 6 6 
5 10 6 9 
8 7 5 6 
10 12 6 12 
8 5 12 5 
2 1 9 0 
0 4 0 1 
0 12 1 4 
0 7 3 2 
0 9 2 2 
0 11 2 3 
0 8 3 4 
0 10 4 1 
0 8 1 1 
0 2 1 0 