44
10
3 0 0 1 
14 0 1 2 
14 0 2 1 
11 0 1 3 
8 0 3 3 
13 0 3 1 
9 0 1 2 
7 0 2 3 
12 0 3 1 
1 0 1 0 
1 3 0 8 
8 6 13 9 
11 10 9 14 
14 5 13 14 
13 8 14 5 
13 13 12 6 
13 9 6 7 
10 7 14 13 
5 10 13 7 
4 1 7 0 
3 1 0 7 
14 8 6 9 
9 11 9 12 
14 14 12 5 
7 13 8 7 
14 6 7 7 
6 13 5 13 
10 10 13 5 
11 5 5 11 
4 4 11 0 
2 3 0 12 
8 14 12 11 
12 9 11 7 
13 14 11 6 
7 7 6 10 
7 14 13 14 
5 6 14 8 
7 13 8 10 
6 11 10 11 
2 4 8 0 
4 2 0 5 
6 7 5 9 
8 12 9 14 
5 13 10 14 
11 7 14 9 
8 7 9 5 
5 5 5 11 
14 7 11 10 
12 6 14 6 
2 2 6 0 
2 4 0 10 
14 12 10 11 
10 8 11 7 
7 6 7 12 
7 10 12 10 
12 8 10 12 
13 5 12 12 
8 14 12 9 
6 12 10 6 
3 2 6 0 
2 2 0 11 
14 14 11 8 
5 10 8 8 
10 11 8 5 
9 12 5 7 
6 12 9 8 
8 13 8 6 
9 8 7 9 
5 6 9 9 
4 3 11 0 
4 2 0 11 
7 10 11 10 
11 14 10 9 
12 10 9 6 
10 9 6 6 
12 6 6 13 
11 5 13 5 
14 9 13 6 
8 5 6 14 
4 4 10 0 
4 4 0 12 
12 7 5 12 
10 11 12 13 
13 12 9 13 
11 10 13 6 
13 5 5 5 
9 11 5 7 
8 8 7 8 
7 8 8 9 
4 4 9 0 
3 4 0 6 
0 12 3 3 
0 3 0 1 
0 5 1 4 
0 11 4 1 
0 13 1 2 
0 9 2 3 
0 8 3 2 
0 10 2 1 
0 4 1 0 