150
16
13 9 0 21 
7 0 9 9 
15 0 9 9 
14 0 9 13 
16 0 13 1 
15 0 1 9 
20 0 9 1 
10 0 13 9 
4 0 9 5 
15 0 5 17 
2 0 17 17 
8 0 17 9 
18 0 9 17 
22 0 17 5 
12 0 9 1 
17 0 1 0 
9 13 0 19 
19 19 19 20 
18 15 11 22 
11 10 22 4 
3 16 4 10 
6 15 10 4 
15 20 19 3 
15 18 3 12 
21 15 15 22 
2 18 22 18 
20 2 18 6 
14 8 12 2 
2 18 2 6 
21 18 6 21 
19 7 21 8 
5 17 8 0 
17 9 0 2 
14 19 3 8 
8 11 8 14 
18 11 14 2 
10 3 2 10 
18 6 11 6 
15 15 6 15 
7 6 16 16 
20 21 16 16 
6 11 16 21 
2 11 4 4 
8 14 4 6 
12 12 8 4 
20 22 2 6 
11 19 6 18 
1 5 4 0 
1 17 0 11 
2 14 15 19 
15 8 19 2 
6 18 6 12 
18 2 12 19 
10 20 19 3 
11 15 3 8 
15 7 19 11 
8 20 11 12 
2 6 14 12 
8 2 12 12 
16 10 12 10 
14 12 10 15 
16 20 18 14 
12 11 14 21 
5 1 21 0 
5 1 0 18 
14 2 18 14 
19 15 22 20 
14 6 20 4 
18 18 3 22 
7 16 22 21 
15 8 21 10 
14 15 10 12 
22 8 2 20 
2 2 20 21 
16 14 21 3 
10 16 12 7 
16 14 7 19 
10 16 19 10 
22 16 10 14 
9 5 15 0 
13 5 0 7 
14 14 7 21 
6 19 21 19 
4 20 19 7 
11 18 7 19 
3 7 14 22 
6 10 22 10 
11 12 10 7 
14 22 7 16 
15 7 16 3 
22 16 3 11 
3 10 6 8 
10 19 8 6 
22 10 11 16 
20 22 16 10 
1 9 10 0 
9 13 0 12 
2 7 12 3 
2 21 3 21 
15 16 21 20 
16 3 20 10 
10 3 21 19 
21 6 19 18 
12 11 8 21 
18 21 21 8 
22 15 8 10 
4 4 12 15 
3 3 15 16 
19 10 16 21 
22 22 21 3 
19 14 14 8 
5 1 8 0 
17 9 0 15 
20 7 15 8 
11 2 8 12 
4 15 12 21 
2 22 21 22 
20 10 16 8 
6 4 8 7 
19 12 7 6 
6 18 6 3 
11 22 3 19 
7 4 19 16 
4 8 19 2 
22 19 2 4 
16 22 4 18 
2 19 18 15 
1 5 15 0 
17 17 0 18 
22 20 7 11 
18 11 11 7 
12 4 7 18 
4 2 20 16 
18 7 16 20 
10 6 20 21 
7 19 3 11 
7 4 11 14 
3 6 14 4 
19 7 4 4 
3 11 4 21 
3 22 21 12 
15 11 16 11 
8 2 11 3 
13 1 8 0 
1 9 0 10 
4 22 8 4 
6 8 15 8 
6 20 8 18 
18 4 18 2 
8 18 2 2 
14 20 20 20 
3 7 20 2 
14 21 22 12 
22 3 10 4 
22 19 4 18 
22 3 3 7 
2 3 7 3 
3 15 3 14 
10 12 14 21 
13 13 16 0 
13 1 0 10 
21 4 7 6 
12 6 16 18 
20 6 7 16 
6 18 16 20 
18 8 2 22 
15 14 15 20 
11 3 6 3 
4 14 3 18 
11 21 7 6 
7 11 6 21 
6 22 21 2 
3 2 7 16 
4 3 16 12 
15 10 12 10 
13 13 4 0 
13 13 0 2 
21 21 22 14 
15 12 7 15 
2 20 15 11 
19 14 11 12 
20 15 12 6 
19 15 6 11 
19 11 4 8 
12 10 8 22 
14 11 22 20 
6 10 20 16 
11 6 16 10 
11 4 10 14 
22 4 14 10 
20 15 10 20 
5 5 8 0 
17 13 0 7 
14 21 7 19 
4 15 19 12 
16 2 12 20 
14 10 20 19 
3 4 22 12 
4 19 12 16 
21 8 14 12 
11 12 12 7 
2 14 7 2 
6 6 15 18 
3 14 18 3 
16 11 20 8 
22 22 8 21 
8 20 19 14 
5 5 16 0 
17 17 0 10 
21 14 16 8 
8 4 8 3 
22 21 3 21 
12 14 21 19 
14 3 19 7 
18 7 7 4 
15 18 4 10 
11 11 10 12 
11 2 18 10 
16 6 10 14 
3 3 12 20 
12 16 20 8 
18 22 7 4 
21 8 4 19 
17 5 19 0 
1 1 0 2 
8 21 2 4 
22 7 4 20 
22 22 20 16 
6 12 16 8 
22 14 12 15 
4 11 15 2 
19 15 2 19 
22 11 12 11 
20 11 11 7 
22 18 7 16 
21 7 16 2 
3 12 18 18 
20 18 18 7 
19 21 15 20 
17 17 20 0 
0 9 0 17 
0 8 17 13 
0 11 13 5 
0 7 5 1 
0 6 1 13 
0 3 13 5 
0 4 5 13 
0 16 13 17 
0 22 17 13 
0 6 13 1 
0 6 1 1 
0 21 1 9 
0 19 9 5 
0 20 5 5 
0 1 5 0 
0 17 0 9 