17
8
6 0 0 3 
14 0 3 1 
13 0 1 5 
15 0 5 7 
14 0 7 2 
11 0 2 2 
16 0 2 3 
7 0 3 0 
5 6 0 14 
14 14 14 9 
13 13 10 12 
14 15 12 14 
11 14 14 11 
14 11 11 12 
15 16 10 13 
7 7 13 0 
4 5 0 16 
11 14 13 10 
16 13 10 13 
10 14 13 10 
13 13 10 16 
13 14 16 13 
15 15 13 15 
5 7 15 0 
1 4 0 13 
16 11 13 10 
11 10 10 11 
16 10 10 14 
14 13 14 16 
10 13 16 16 
10 15 16 10 
6 5 10 0 
3 1 0 9 
9 16 9 16 
16 11 16 9 
13 16 14 10 
10 14 10 13 
12 10 12 12 
12 10 12 10 
1 6 10 0 
3 3 0 11 
16 9 11 13 
9 16 9 13 
15 13 13 10 
12 10 9 10 
10 12 10 15 
10 14 15 10 
7 1 10 0 
6 3 0 9 
10 16 12 13 
13 9 13 11 
12 15 11 13 
14 12 13 16 
11 10 13 12 
14 10 12 9 
4 7 16 0 
0 6 0 2 
0 10 2 1 
0 10 1 3 
0 12 3 4 
0 14 8 1 
0 11 1 3 
0 14 3 5 
0 8 5 0 