115
8
10 16 10 15 
10 13 13 16 
12 14 16 13 
16 0 4 5 
13 11 9 13 
9 16 13 11 
12 0 4 3 
6 1 0 10 
12 10 10 12 
10 11 12 13 
5 1 13 0 
3 0 0 7 
14 10 16 10 
14 0 5 3 
16 16 13 10 
0 8 5 0 
1 3 9 0 
8 1 14 0 
1 2 0 10 
13 11 12 15 
0 6 0 2 
16 9 16 9 
11 16 9 16 
5 7 0 15 
2 7 14 0 
10 15 12 10 
10 12 13 13 
10 14 13 16 
16 10 13 13 
15 13 13 10 
11 10 10 11 
10 12 10 9 
14 16 13 14 
14 10 12 9 
15 10 14 10 
15 16 10 13 
15 13 15 15 
11 0 2 2 
6 5 10 0 
13 10 11 16 
5 6 0 14 
14 14 9 14 
0 10 7 1 
14 13 13 16 
3 6 9 0 
10 13 11 14 
5 7 15 0 
3 1 0 11 
16 10 13 12 
11 0 3 3 
3 0 6 0 
7 7 13 0 
11 12 11 14 
13 9 9 16 
4 1 13 0 
14 15 12 14 
0 16 4 7 
0 16 3 2 
13 10 14 10 
1 3 10 0 
11 14 11 14 
12 12 10 12 
0 14 1 3 
10 14 10 13 