494
16
18 16 12 6 
8 0 17 9 
20 22 19 15 
21 2 21 3 
4 22 10 14 
5 13 4 0 
11 0 5 13 
16 7 21 22 
19 0 5 17 
14 19 3 8 
2 7 12 3 
13 5 3 0 
0 15 9 1 
14 14 7 21 
19 2 8 4 
0 19 9 5 
12 3 18 18 
22 8 2 20 
10 4 3 22 
20 10 3 16 
2 6 18 2 
22 19 2 4 
20 15 3 19 
4 2 8 21 
3 22 21 12 
19 20 14 10 
8 4 19 11 
2 18 22 18 
0 12 1 9 
0 21 9 13 
21 20 10 6 
19 2 15 18 
2 16 20 12 
19 7 16 14 
6 22 21 2 
10 0 1 9 
2 0 17 9 
8 2 11 3 
0 20 1 9 
11 16 8 20 
11 2 8 12 
8 3 11 15 
19 21 10 3 
21 15 15 22 
18 7 18 20 
6 10 22 10 
14 10 16 6 
18 11 14 2 
0 16 5 5 
1 13 6 0 
6 6 18 15 
10 4 15 6 
15 16 21 20 
0 8 17 13 
18 14 20 16 
18 15 12 3 
21 0 9 1 
0 18 17 9 
18 7 16 20 
10 21 15 8 
18 7 12 4 
12 21 15 4 
14 21 12 10 
18 21 21 6 
8 15 6 8 
9 1 0 10 
15 18 4 10 
9 5 15 0 
22 22 3 21 
14 0 9 13 
8 20 12 16 
16 15 3 3 
4 21 6 7 
22 12 4 3 
3 6 11 3 
8 21 19 4 
12 19 4 15 
20 21 16 16 
8 14 2 12 
2 10 3 10 
6 11 18 6 
7 19 4 20 
17 13 0 16 
12 12 4 8 
4 22 8 4 
20 4 22 7 
21 3 14 16 
14 12 8 21 
19 21 15 20 
8 16 20 10 
11 8 14 8 
7 15 3 16 
0 1 17 0 
22 14 12 15 
15 14 15 20 
0 2 1 1 
4 14 3 18 
10 7 12 11 
10 12 11 11 
20 15 10 20 
19 0 9 13 
16 11 11 15 
19 20 19 19 
20 11 11 7 
22 4 10 11 
22 16 3 11 
14 12 19 21 
14 8 14 19 
19 12 18 2 
6 18 16 20 
16 11 22 10 
18 8 2 22 
21 21 22 14 
12 15 15 7 
16 10 10 19 
1 5 4 0 
18 4 16 22 
11 22 15 18 
4 7 16 19 
9 13 10 0 
6 20 16 7 
3 7 3 22 
0 8 13 1 
22 16 10 14 
11 22 3 19 
11 7 11 18 
13 13 0 4 
19 14 20 8 
19 6 19 21 
4 3 16 12 
7 3 2 20 
11 12 21 8 
16 10 12 10 
16 7 3 2 
11 6 16 10 
18 18 22 3 
11 4 2 15 
18 21 21 8 
14 22 7 16 
20 22 16 10 
9 9 0 15 
0 8 5 5 
8 18 2 2 
14 3 3 18 
0 20 5 5 
7 12 10 16 
3 15 3 14 
14 15 10 12 
6 14 4 20 
18 6 3 6 
14 21 22 12 
8 10 15 22 
19 11 7 15 
7 19 18 11 
2 11 4 4 
16 2 7 21 
9 17 15 0 
6 3 4 14 
10 20 19 3 
0 22 17 13 
13 9 12 0 
2 0 13 13 
16 8 12 6 
10 18 11 2 
4 7 18 22 
22 18 7 16 
2 8 12 12 
22 22 16 20 
20 7 15 8 
17 5 0 22 
8 21 22 22 
21 16 19 10 
11 3 7 19 
13 13 0 16 
5 1 7 0 
0 15 1 5 
15 12 4 4 
9 5 0 4 
12 20 3 3 
0 10 17 17 
22 21 3 21 
21 4 3 11 
16 0 13 1 
16 16 7 6 
1 17 0 11 
19 11 18 6 
15 19 11 6 
18 0 5 1 
0 10 1 13 
2 6 14 12 
6 20 8 18 
17 5 0 8 
7 11 20 22 
3 2 3 7 
11 12 12 7 
20 16 2 4 
4 19 12 16 
14 20 20 20 
18 4 18 2 
1 0 0 5 
13 1 6 0 
22 19 4 18 
16 3 10 4 
7 19 21 14 
8 14 4 6 
8 7 4 6 
19 7 3 14 
0 15 17 5 
19 18 6 21 
6 8 10 19 
0 9 0 17 
6 18 6 12 
4 4 7 19 
14 19 12 11 
4 11 14 10 
18 7 7 4 
6 12 20 15 
20 21 2 2 
16 8 14 21 
20 2 18 6 
19 12 7 6 
8 6 3 10 
15 10 14 12 
2 19 15 8 
11 7 21 6 
11 15 2 20 
13 5 0 7 
14 11 7 4 
6 15 15 15 
7 3 22 14 
6 11 16 21 
22 11 12 11 
6 0 1 1 
15 19 14 2 
14 21 11 12 
22 20 6 2 
10 6 16 20 
22 8 12 10 
2 22 21 22 
15 10 12 10 
21 11 6 7 
3 8 8 4 
0 20 17 17 
14 11 22 20 
17 17 18 0 
17 17 0 2 
0 17 0 9 
0 8 5 1 
21 0 1 5 
19 2 19 15 
0 7 13 17 
21 8 7 19 
2 14 14 18 
20 8 12 11 
7 2 14 2 
9 9 7 0 