148
9
0 7 2 3 
6 9 8 9 
11 7 8 5 
7 6 11 12 
12 5 12 8 
11 7 7 11 
7 11 5 13 
1 0 0 4 
0 13 1 2 
6 5 8 7 
9 6 12 10 
5 8 8 6 
10 12 6 12 
0 8 3 3 
0 11 2 3 
8 5 8 8 
13 6 8 7 
10 10 12 7 
13 5 6 8 
7 9 11 6 
5 9 7 6 
10 10 8 6 
12 13 11 13 
8 12 13 11 
9 5 10 9 
0 2 0 2 
0 13 4 2 
11 13 5 5 
11 0 4 1 
6 13 12 11 
5 10 11 12 
6 12 6 8 
8 8 10 6 
5 11 12 7 
10 0 1 2 
1 0 2 0 
2 1 9 0 
10 13 11 8 
11 6 11 13 
5 12 8 5 
10 9 10 11 
7 8 13 13 
9 6 5 5 
13 7 7 12 
9 6 5 10 
5 0 3 2 
3 1 0 11 
1 0 0 1 
10 0 1 3 
13 8 12 9 
4 1 10 0 
4 1 0 12 
9 13 9 10 
9 9 13 7 
0 13 3 3 
0 12 3 4 
3 3 7 0 
7 10 13 12 
7 13 6 10 
5 0 4 1 
4 4 0 13 
10 12 12 11 
9 0 3 3 
10 12 6 5 
0 8 1 1 
12 7 7 9 
7 11 13 9 
5 0 4 4 
0 7 3 2 
4 4 0 6 
6 6 7 9 
4 2 5 0 
4 1 7 0 
8 8 10 5 
2 2 0 12 
0 8 3 4 
11 10 13 6 
9 0 2 2 
7 8 5 6 
9 9 9 6 
10 11 11 5 