75
489 491
350 335
77 239
371 247
264 498
1 277
145 281
241 246
232 78
90 215
489 494
138 77
326 118
181 311
264 271
278 255
496 249
363 439
340 373
371 239
496 87
264 191
498 491
451 319
420 439
425 156
90 414
24 98
340 278
434 247
246 167
195 222
473 326
91 157
425 271
296 73
350 222
190 87
309 437
344 138
409 342
83 350
342 255
387 222
89 98
181 239
193 84
496 238
264 363
43 420
106 167
34 498
498 255
83 166
349 271
106 371
194 238
264 193
281 132
195 351
434 351
473 166
193 215
281 278
24 138
232 91
434 277
64 34
373 309
494 319
449 489
296 106
496 90
387 271
91 246
