72
216 165
184 250
81 33
12 332
1 252
1 490
250 302
460 44
403 31
252 183
348 263
313 231
164 317
453 414
51 219
124 414
81 299
25 291
344 33
299 327
321 51
371 335
25 110
50 490
150 327
44 94
401 83
299 165
401 146
24 332
96 335
299 452
146 189
251 124
113 59
131 164
160 216
401 165
460 183
184 31
131 343
241 123
216 353
252 487
355 219
194 467
252 231
81 194
16 394
332 213
345 461
131 493
219 403
96 403
131 31
33 394
59 414
200 216
1 299
50 263
357 487
490 59
452 461
43 252
98 252
299 291
1 31
344 416
96 123
137 460
24 252
120 343
