100
122 399
476 12
170 234
179 159
200 240
240 185
91 420
154 7
47 23
81 207
339 390
184 479
393 63
358 494
488 91
91 390
479 63
441 279
133 390
292 285
339 381
339 115
200 243
210 399
240 19
409 335
338 286
245 455
12 125
1 339
242 339
381 39
290 12
225 335
393 236
282 422
201 291
158 47
179 12
184 242
476 189
381 47
360 441
290 155
472 381
441 449
112 222
441 422
73 388
163 444
360 338
485 39
354 399
429 422
399 47
154 100
444 351
346 279
112 158
284 455
196 12
339 100
360 198
213 358
234 159
444 335
242 150
161 241
140 213
66 381
115 277
38 279
291 399
149 479
100 143
66 43
330 390
189 462
8 346
360 12
474 346
388 117
81 13
449 167
330 85
1 285
409 291
154 279
241 213
220 143
8 192
81 420
243 429
73 420
360 455
177 47
344 225
345 279
362 158
184 241
