70
344 449
224 147
362 499
269 319
409 14
316 149
452 5
14 159
56 26
436 20
314 451
294 278
29 463
136 309
356 207
96 473
314 319
362 348
96 499
154 483
484 261
26 282
282 276
393 26
26 486
5 175
147 309
34 436
346 189
316 5
136 87
190 343
105 34
26 463
258 175
409 189
275 483
346 452
1 348
473 5
74 290
105 164
264 399
34 135
130 164
276 79
451 5
74 483
66 102
275 215
224 278
388 343
299 141
278 135
436 484
264 356
136 334
449 66
234 407
172 343
278 351
436 7
362 399
314 407
264 344
388 14
299 351
136 290
234 215
449 29
