49
10
13 0 3 1 
10 0 1 2 
0 11 2 4 
5 0 4 1 
1 0 1 0 
8 0 2 3 
11 0 3 4 
10 0 4 4 
5 0 4 2 
3 0 1 0 
14 9 8 12 
8 10 13 7 
10 0 2 4 
11 5 5 11 
14 7 11 10 
8 8 10 5 
5 11 5 13 
11 10 10 7 
9 5 7 8 
3 3 8 0 
4 4 0 11 
5 5 11 5 
14 10 5 13 
7 11 9 14 
9 14 6 13 
7 7 6 14 
13 5 10 10 
6 11 10 11 
12 9 11 7 
3 2 7 0 
4 4 0 9 
14 11 9 10 
12 6 6 10 
10 7 10 12 
6 9 12 10 
13 7 10 5 
6 13 5 13 
7 6 13 9 
13 12 9 13 
4 3 6 0 
1 4 0 11 
14 14 11 8 
11 12 8 14 
11 10 14 12 
6 6 10 9 
5 6 9 9 
10 6 7 7 
12 7 7 6 
6 13 6 12 
4 4 12 0 
2 1 0 13 
7 14 13 14 
13 13 12 6 
13 8 6 8 
14 6 8 5 
13 5 5 5 
11 10 5 8 
9 12 8 14 
9 6 14 8 
2 4 8 0 
1 2 0 9 
9 14 10 11 
6 13 11 10 
12 9 7 5 
14 14 5 12 
7 12 12 5 
9 11 5 7 
12 9 9 11 
5 9 7 6 
2 2 6 0 
2 1 0 14 
13 8 14 5 
8 14 5 6 
6 12 6 14 
5 14 14 13 
8 7 13 7 
8 8 7 8 
10 12 8 12 
13 5 12 12 
3 2 12 0 
1 3 0 11 
14 13 7 10 
7 11 10 8 
12 6 8 9 
8 9 9 7 
9 8 7 8 
6 8 9 13 
11 10 13 12 
14 13 6 11 
1 3 12 0 
0 1 0 4 
0 7 4 1 
0 7 1 3 
0 12 3 3 
0 8 3 1 
0 9 2 3 
0 6 3 2 
0 11 2 2 
0 14 2 1 
0 3 1 0 