164
16
15 0 5 1 
12 10 10 16 
6 0 13 1 
6 0 1 1 
2 0 1 1 
8 0 1 13 
16 0 13 13 
15 0 17 9 
8 0 17 9 
14 0 9 13 
4 0 13 13 
8 0 13 17 
2 0 17 9 
7 0 9 9 
12 0 9 1 
17 0 1 0 
2 22 8 18 
20 12 16 2 
19 6 19 21 
11 6 21 16 
14 10 16 6 
16 10 6 11 
7 4 11 14 
20 15 3 19 
4 8 19 2 
19 15 2 19 
14 2 19 15 
6 8 15 8 
14 8 8 11 
11 7 11 18 
6 12 18 6 
17 17 18 0 
2 2 8 18 
22 20 10 16 
15 11 16 11 
19 14 11 12 
15 14 12 10 
16 8 10 20 
4 7 16 19 
10 20 19 3 
16 12 4 19 
19 19 19 20 
20 14 20 20 
18 6 20 16 
10 14 16 22 
19 11 4 8 
12 6 8 16 
13 17 16 0 
13 1 0 16 
14 18 16 20 
8 21 19 7 
19 11 7 15 
21 15 15 22 
7 16 22 14 
6 4 8 7 
18 7 18 20 
16 16 20 21 
18 19 21 6 
22 20 6 2 
11 18 2 14 
15 10 14 12 
7 19 3 11 
7 12 11 12 
17 13 22 0 
9 1 0 20 
10 12 14 21 
22 8 2 20 
12 10 11 11 
11 4 10 14 
19 7 14 21 
21 6 21 18 
4 18 19 22 
7 16 22 21 
3 22 21 12 
14 8 12 2 
8 21 2 4 
2 15 4 11 
6 7 11 21 
6 7 21 4 
13 17 7 0 
13 13 0 2 
2 18 2 6 
19 22 4 2 
3 12 2 7 
12 11 7 10 
20 19 10 14 
2 21 3 21 
19 12 18 2 
2 7 2 14 
21 3 14 16 
21 14 16 8 
4 8 12 12 
6 2 12 14 
2 14 14 18 
6 11 18 6 
5 13 4 0 
21 7 16 2 
16 7 20 6 
12 19 6 7 
22 18 7 16 
11 12 21 8 
6 20 8 18 
20 2 18 6 
11 19 6 18 
18 2 18 22 
8 21 22 22 
21 21 22 14 
19 14 14 8 
15 6 15 15 
19 2 15 18 
6 6 18 15 
9 5 15 0 
14 21 22 12 
2 11 10 18 
3 12 18 15 
14 22 15 12 
2 11 12 8 
4 15 19 12 
20 8 12 11 
15 19 11 6 
6 18 6 3 
22 8 12 10 
19 21 10 3 
14 19 3 8 
12 21 15 4 
4 19 8 21 
21 8 21 18 
17 9 18 0 
3 18 3 14 
3 7 14 22 
7 3 22 3 
15 14 15 20 
4 10 18 15 
19 21 15 20 
10 12 15 10 
20 15 10 20 
10 6 16 20 
7 22 20 4 
7 19 4 4 
10 11 4 22 
11 12 22 11 
4 4 11 2 
22 21 2 22 
17 17 20 0 
2 3 16 7 
3 3 15 16 
15 7 16 3 
3 15 3 14 
22 4 14 10 
10 19 10 16 
4 10 16 3 
12 20 3 3 
22 10 11 16 
11 7 22 20 
19 7 20 4 
0 10 17 17 
0 11 17 1 
0 4 5 9 
0 21 1 9 
0 17 9 0 
5 5 0 20 
8 4 22 4 
12 15 4 4 
6 3 3 11 
15 22 10 8 
21 10 8 15 
10 4 15 6 
7 12 10 16 
22 22 16 20 
16 11 20 8 
10 19 8 6 
10 0 13 9 
12 0 9 13 
21 0 13 9 
10 0 9 1 
5 0 1 0 
1 5 0 8 
3 8 15 11 
4 12 18 7 
21 6 7 11 
8 2 11 3 
2 21 6 22 
6 10 22 10 
22 12 4 3 
11 22 3 19 
21 16 19 10 
3 10 10 2 
21 20 2 2 
3 11 4 21 
3 21 21 22 
4 18 22 16 
5 5 16 0 
5 1 0 18 
22 3 18 18 
18 4 18 2 
14 21 11 12 
2 8 12 12 
20 2 7 3 
4 14 3 18 
6 12 18 16 
3 11 16 22 
3 21 22 22 
10 3 8 6 
20 21 6 10 
22 3 10 4 
3 6 14 4 
12 16 4 3 
13 5 3 0 
11 18 7 19 
20 22 19 15 
12 6 15 20 
14 6 20 4 
19 7 3 14 
7 19 14 16 
2 4 16 20 
7 6 16 16 
18 7 16 20 
20 2 11 15 
20 10 3 16 
21 20 16 15 
11 22 15 18 
12 3 18 18 
15 12 7 15 
13 9 19 0 
5 9 0 19 
19 14 20 8 
14 12 8 21 
12 14 21 19 
2 19 15 8 
8 4 8 3 
3 2 3 7 
18 7 7 4 
22 18 4 7 
11 20 7 11 
22 20 11 14 
7 21 14 14 
4 6 14 8 
16 12 8 20 
8 15 20 7 
5 13 7 0 
1 5 0 21 
0 19 17 5 
0 7 5 1 
0 6 13 1 
0 4 1 5 
0 8 5 5 
0 8 5 17 
0 15 17 5 
0 15 9 9 
0 10 9 1 
0 15 9 1 
0 10 1 13 
0 11 13 5 
0 22 5 17 
0 2 17 17 
0 9 17 0 