37
9
3 2 0 5 
10 0 1 2 
13 0 2 1 
12 0 4 1 
7 0 1 4 
6 0 4 4 
2 0 0 2 
9 0 2 2 
1 0 2 0 
3 3 0 8 
5 13 8 6 
7 13 6 10 
11 12 10 12 
11 7 7 11 
11 6 11 13 
13 13 7 8 
10 5 8 8 
1 1 8 0 
3 3 0 9 
10 5 12 11 
12 7 11 5 
12 11 13 6 
7 11 5 13 
13 12 13 11 
6 13 11 10 
8 6 10 10 
4 1 10 0 
3 3 0 13 
9 10 13 9 
9 9 9 6 
10 12 6 12 
9 7 12 7 
9 13 7 11 
8 6 6 12 
13 8 12 9 
4 4 5 0 
3 3 0 7 
6 11 7 9 
6 9 8 9 
13 7 9 9 
5 9 9 10 
6 9 10 5 
6 8 5 8 
10 13 11 8 
3 4 8 0 
2 3 0 7 
6 6 7 9 
7 6 11 12 
7 13 12 7 
6 5 7 8 
10 6 8 8 
13 6 8 7 
10 10 7 12 
2 3 7 0 
1 2 0 9 
7 6 9 5 
8 7 5 6 
11 7 8 5 
9 6 5 5 
11 10 5 11 
12 13 7 10 
5 6 10 12 
2 2 12 0 
4 1 0 5 
13 11 5 5 
5 8 8 8 
10 11 9 10 
6 9 10 12 
13 11 12 8 
8 12 12 5 
12 5 5 8 
1 3 11 0 
0 4 0 1 
0 13 4 4 
0 5 4 2 
0 10 3 1 
0 11 1 4 
0 13 4 2 
0 11 2 3 
0 12 3 4 
0 1 1 0 